99.0;136.0;117.5
98.0;141.0;119.5
83.0;144.0;113.5
83.0;137.0;110.0
83.0;136.0;109.5
83.0;142.0;112.5
83.0;142.0;112.5
83.0;141.0;112.0
83.0;141.0;112.0
77.0;139.0;108.0
77.0;141.0;109.0
77.0;142.0;109.5
77.0;142.0;109.5
77.0;143.0;110.0
77.0;139.0;108.0
77.0;140.0;108.5
77.0;140.0;108.5
77.0;141.0;109.0
77.0;143.0;110.0
77.0;140.0;108.5
76.0;137.0;106.5
76.0;141.0;108.5
76.0;141.0;108.5
76.0;142.0;109.0
76.0;136.0;106.0
76.0;138.0;107.0
76.0;136.0;106.0
72.0;142.0;107.0
72.0;137.0;104.5
72.0;142.0;107.0
72.0;141.0;106.5
72.0;138.0;105.0
72.0;137.0;104.5
72.0;142.0;107.0
72.0;138.0;105.0
72.0;141.0;106.5
72.0;139.0;105.5
71.0;137.0;104.0
71.0;144.0;107.5
71.0;138.0;104.5
71.0;143.0;107.0
71.0;143.0;107.0
71.0;141.0;106.0
71.0;138.0;104.5
71.0;141.0;106.0
71.0;141.0;106.0
71.0;139.0;105.0
71.0;136.0;103.5
71.0;137.0;104.0
68.0;143.0;105.5
68.0;138.0;103.0
68.0;137.0;102.5
68.0;142.0;105.0
68.0;141.0;104.5
68.0;136.0;102.0
68.0;138.0;103.0
68.0;143.0;105.5
68.0;138.0;103.0
68.0;139.0;103.5
68.0;140.0;104.0
68.0;141.0;104.5
68.0;141.0;104.5
68.0;138.0;103.0
68.0;140.0;104.0
68.0;143.0;105.5
68.0;144.0;106.0
68.0;137.0;102.5
68.0;143.0;105.5
65.0;141.0;103.0
65.0;142.0;103.5
65.0;139.0;102.0
65.0;142.0;103.5
65.0;137.0;101.0
65.0;142.0;103.5
65.0;144.0;104.5
65.0;143.0;104.0
65.0;137.0;101.0
65.0;141.0;103.0
65.0;136.0;100.5
65.0;136.0;100.5
65.0;140.0;102.5
65.0;142.0;103.5
65.0;141.0;103.0
65.0;143.0;104.0
65.0;137.0;101.0
65.0;138.0;101.5
65.0;143.0;104.0
65.0;143.0;104.0
63.0;140.0;101.5
63.0;143.0;103.0
63.0;138.0;100.5
63.0;138.0;100.5
63.0;140.0;101.5
63.0;141.0;102.0
63.0;141.0;102.0
63.0;142.0;102.5
63.0;139.0;101.0
63.0;141.0;102.0
63.0;135.0;99.0
63.0;141.0;102.0
63.0;140.0;101.5
63.0;138.0;100.5
63.0;140.0;101.5
63.0;140.0;101.5
63.0;142.0;102.5
63.0;142.0;102.5
63.0;143.0;103.0
63.0;143.0;103.0
63.0;138.0;100.5
63.0;136.0;99.5
63.0;141.0;102.0
63.0;140.0;101.5
63.0;140.0;101.5
63.0;137.0;100.0
63.0;138.0;100.5
63.0;141.0;102.0
63.0;137.0;100.0
63.0;137.0;100.0
63.0;138.0;100.5
63.0;140.0;101.5
63.0;141.0;102.0
63.0;136.0;99.5
63.0;137.0;100.0
63.0;140.0;101.5
63.0;143.0;103.0
63.0;142.0;102.5
63.0;140.0;101.5
63.0;141.0;102.0
63.0;140.0;101.5
63.0;142.0;102.5
63.0;139.0;101.0
63.0;142.0;102.5
63.0;138.0;100.5
63.0;139.0;101.0
63.0;141.0;102.0
63.0;139.0;101.0
63.0;142.0;102.5
63.0;138.0;100.5
63.0;142.0;102.5
63.0;142.0;102.5
63.0;138.0;100.5
63.0;141.0;102.0
63.0;139.0;101.0
63.0;137.0;100.0
63.0;142.0;102.5
63.0;139.0;101.0
63.0;142.0;102.5
63.0;142.0;102.5
63.0;141.0;102.0
63.0;143.0;103.0
63.0;141.0;102.0
63.0;137.0;100.0
63.0;137.0;100.0
63.0;142.0;102.5
63.0;134.0;98.5
63.0;138.0;100.5
63.0;140.0;101.5
63.0;142.0;102.5
63.0;141.0;102.0
63.0;142.0;102.5
63.0;140.0;101.5
63.0;142.0;102.5
63.0;138.0;100.5
63.0;138.0;100.5
63.0;137.0;100.0
63.0;137.0;100.0
63.0;139.0;101.0
63.0;143.0;103.0
63.0;135.0;99.0
63.0;137.0;100.0
63.0;141.0;102.0
63.0;135.0;99.0
63.0;142.0;102.5
63.0;137.0;100.0
63.0;136.0;99.5
63.0;141.0;102.0
63.0;142.0;102.5
63.0;141.0;102.0
63.0;138.0;100.5
63.0;136.0;99.5
63.0;136.0;99.5
63.0;140.0;101.5
63.0;138.0;100.5
63.0;139.0;101.0
63.0;142.0;102.5
63.0;143.0;103.0
63.0;140.0;101.5
63.0;143.0;103.0
63.0;138.0;100.5
63.0;141.0;102.0
63.0;139.0;101.0
63.0;140.0;101.5
63.0;143.0;103.0
63.0;140.0;101.5
63.0;141.0;102.0
63.0;138.0;100.5
63.0;138.0;100.5
63.0;142.0;102.5
63.0;140.0;101.5
63.0;138.0;100.5
63.0;137.0;100.0
63.0;144.0;103.5
63.0;141.0;102.0
63.0;141.0;102.0
63.0;139.0;101.0
63.0;142.0;102.5
63.0;142.0;102.5
63.0;137.0;100.0
63.0;141.0;102.0
63.0;139.0;101.0
63.0;139.0;101.0
63.0;138.0;100.5
63.0;141.0;102.0
63.0;138.0;100.5
63.0;142.0;102.5
63.0;137.0;100.0
63.0;137.0;100.0
63.0;143.0;103.0
63.0;137.0;100.0
63.0;143.0;103.0
63.0;138.0;100.5
63.0;140.0;101.5
63.0;142.0;102.5
63.0;138.0;100.5
63.0;141.0;102.0
63.0;137.0;100.0
63.0;140.0;101.5
63.0;137.0;100.0
63.0;142.0;102.5
63.0;138.0;100.5
63.0;138.0;100.5
63.0;139.0;101.0
63.0;139.0;101.0
63.0;136.0;99.5
63.0;142.0;102.5
63.0;141.0;102.0
63.0;142.0;102.5
63.0;143.0;103.0
63.0;140.0;101.5
63.0;140.0;101.5
63.0;136.0;99.5
63.0;142.0;102.5
63.0;141.0;102.0
63.0;136.0;99.5
63.0;138.0;100.5
63.0;142.0;102.5
63.0;143.0;103.0
63.0;138.0;100.5
63.0;143.0;103.0
63.0;143.0;103.0
63.0;141.0;102.0
63.0;141.0;102.0
63.0;135.0;99.0
63.0;140.0;101.5
63.0;138.0;100.5
63.0;141.0;102.0
63.0;137.0;100.0
63.0;141.0;102.0
63.0;140.0;101.5
63.0;139.0;101.0
63.0;143.0;103.0
63.0;138.0;100.5
63.0;141.0;102.0
63.0;142.0;102.5
63.0;138.0;100.5
63.0;137.0;100.0
63.0;137.0;100.0
63.0;139.0;101.0
63.0;141.0;102.0
63.0;142.0;102.5
63.0;140.0;101.5
63.0;138.0;100.5
63.0;139.0;101.0
63.0;142.0;102.5
63.0;135.0;99.0
63.0;142.0;102.5
63.0;141.0;102.0
63.0;138.0;100.5
63.0;136.0;99.5
63.0;141.0;102.0
63.0;137.0;100.0
63.0;139.0;101.0
63.0;142.0;102.5
63.0;140.0;101.5
63.0;142.0;102.5
63.0;141.0;102.0
63.0;135.0;99.0
63.0;142.0;102.5
63.0;138.0;100.5
63.0;141.0;102.0
63.0;139.0;101.0
63.0;143.0;103.0
63.0;139.0;101.0
63.0;137.0;100.0
63.0;142.0;102.5
63.0;136.0;99.5
63.0;142.0;102.5
63.0;139.0;101.0
63.0;141.0;102.0
63.0;142.0;102.5
63.0;139.0;101.0
63.0;142.0;102.5
63.0;142.0;102.5
63.0;138.0;100.5
63.0;140.0;101.5
63.0;138.0;100.5
63.0;142.0;102.5
63.0;137.0;100.0
63.0;136.0;99.5
63.0;137.0;100.0
63.0;140.0;101.5
63.0;138.0;100.5
63.0;139.0;101.0
63.0;137.0;100.0
63.0;137.0;100.0
63.0;138.0;100.5
62.0;143.0;102.5
62.0;138.0;100.0
62.0;137.0;99.5
62.0;139.0;100.5
62.0;137.0;99.5
62.0;143.0;102.5
62.0;140.0;101.0
62.0;139.0;100.5
62.0;140.0;101.0
62.0;138.0;100.0
62.0;137.0;99.5
62.0;142.0;102.0
62.0;136.0;99.0
62.0;138.0;100.0
62.0;142.0;102.0
62.0;141.0;101.5
62.0;142.0;102.0
62.0;140.0;101.0
62.0;142.0;102.0
62.0;136.0;99.0
62.0;134.0;98.0
62.0;142.0;102.0
62.0;138.0;100.0
62.0;142.0;102.0
62.0;141.0;101.5
62.0;137.0;99.5
62.0;139.0;100.5
62.0;142.0;102.0
62.0;138.0;100.0
60.0;140.0;100.0
60.0;142.0;101.0
60.0;138.0;99.0
60.0;138.0;99.0
60.0;138.0;99.0
60.0;143.0;101.5
60.0;138.0;99.0
60.0;142.0;101.0
60.0;138.0;99.0
55.0;136.0;95.5
55.0;142.0;98.5
55.0;141.0;98.0
55.0;137.0;96.0
55.0;137.0;96.0
54.0;138.0;96.0
54.0;137.0;95.5
54.0;144.0;99.0
54.0;136.0;95.0
54.0;141.0;97.5
54.0;140.0;97.0
54.0;141.0;97.5
54.0;137.0;95.5
54.0;138.0;96.0
54.0;142.0;98.0
54.0;136.0;95.0
54.0;143.0;98.5
54.0;142.0;98.0
54.0;140.0;97.0
54.0;137.0;95.5
54.0;138.0;96.0
54.0;142.0;98.0
54.0;141.0;97.5
54.0;141.0;97.5
54.0;138.0;96.0
54.0;142.0;98.0
54.0;138.0;96.0
54.0;137.0;95.5
54.0;140.0;97.0
54.0;139.0;96.5
54.0;139.0;96.5
54.0;138.0;96.0
54.0;140.0;97.0
54.0;140.0;97.0
54.0;137.0;95.5
54.0;142.0;98.0
54.0;142.0;98.0
54.0;138.0;96.0
54.0;141.0;97.5
54.0;141.0;97.5
54.0;141.0;97.5
54.0;138.0;96.0
54.0;142.0;98.0
54.0;141.0;97.5
54.0;138.0;96.0
54.0;137.0;95.5
54.0;141.0;97.5
52.0;138.0;95.0
52.0;140.0;96.0
52.0;141.0;96.5
52.0;142.0;97.0
52.0;136.0;94.0
52.0;141.0;96.5
52.0;136.0;94.0
52.0;137.0;94.5
52.0;143.0;97.5
52.0;140.0;96.0
52.0;138.0;95.0
52.0;138.0;95.0
52.0;141.0;96.5
52.0;140.0;96.0
52.0;135.0;93.5
52.0;133.0;92.5
52.0;140.0;96.0
52.0;138.0;95.0
52.0;137.0;94.5
52.0;140.0;96.0
52.0;137.0;94.5
52.0;138.0;95.0
52.0;140.0;96.0
52.0;141.0;96.5
52.0;135.0;93.5
52.0;138.0;95.0
52.0;138.0;95.0
52.0;138.0;95.0
52.0;141.0;96.5
52.0;141.0;96.5
52.0;137.0;94.5
52.0;137.0;94.5
52.0;136.0;94.0
52.0;138.0;95.0
52.0;141.0;96.5
52.0;141.0;96.5
52.0;143.0;97.5
52.0;140.0;96.0
52.0;137.0;94.5
52.0;141.0;96.5
52.0;137.0;94.5
52.0;142.0;97.0
52.0;138.0;95.0
52.0;142.0;97.0
52.0;137.0;94.5
52.0;141.0;96.5
52.0;138.0;95.0
52.0;141.0;96.5
52.0;139.0;95.5
52.0;141.0;96.5
52.0;139.0;95.5
52.0;136.0;94.0
52.0;139.0;95.5
52.0;139.0;95.5
52.0;142.0;97.0
52.0;142.0;97.0
52.0;142.0;97.0
52.0;141.0;96.5
52.0;140.0;96.0
52.0;137.0;94.5
52.0;138.0;95.0
52.0;140.0;96.0
52.0;134.0;93.0
52.0;137.0;94.5
52.0;141.0;96.5
52.0;138.0;95.0
52.0;142.0;97.0
52.0;137.0;94.5
52.0;136.0;94.0
52.0;138.0;95.0
52.0;138.0;95.0
52.0;142.0;97.0
52.0;137.0;94.5
52.0;142.0;97.0
52.0;141.0;96.5
52.0;143.0;97.5
52.0;143.0;97.5
52.0;137.0;94.5
52.0;142.0;97.0
52.0;142.0;97.0
52.0;140.0;96.0
52.0;143.0;97.5
52.0;136.0;94.0
52.0;136.0;94.0
52.0;137.0;94.5
52.0;140.0;96.0
52.0;141.0;96.5
52.0;137.0;94.5
52.0;142.0;97.0
52.0;143.0;97.5
52.0;139.0;95.5
52.0;143.0;97.5
52.0;142.0;97.0
52.0;138.0;95.0
52.0;137.0;94.5
52.0;142.0;97.0
52.0;140.0;96.0
52.0;143.0;97.5
52.0;143.0;97.5
52.0;142.0;97.0
52.0;139.0;95.5
52.0;140.0;96.0
52.0;142.0;97.0
52.0;143.0;97.5
52.0;137.0;94.5
52.0;141.0;96.5
52.0;141.0;96.5
52.0;142.0;97.0
52.0;137.0;94.5
52.0;141.0;96.5
52.0;141.0;96.5
52.0;133.0;92.5
52.0;137.0;94.5
52.0;137.0;94.5
52.0;137.0;94.5
52.0;141.0;96.5
52.0;137.0;94.5
52.0;142.0;97.0
52.0;143.0;97.5
52.0;137.0;94.5
52.0;141.0;96.5
52.0;138.0;95.0
52.0;141.0;96.5
52.0;140.0;96.0
52.0;143.0;97.5
52.0;141.0;96.5
52.0;141.0;96.5
52.0;143.0;97.5
52.0;139.0;95.5
52.0;140.0;96.0
52.0;136.0;94.0
52.0;138.0;95.0
52.0;136.0;94.0
52.0;140.0;96.0
52.0;140.0;96.0
52.0;139.0;95.5
52.0;143.0;97.5
52.0;142.0;97.0
52.0;138.0;95.0
52.0;138.0;95.0
52.0;141.0;96.5
52.0;141.0;96.5
52.0;141.0;96.5
52.0;136.0;94.0
52.0;141.0;96.5
52.0;139.0;95.5
52.0;141.0;96.5
52.0;140.0;96.0
52.0;142.0;97.0
52.0;138.0;95.0
52.0;142.0;97.0
52.0;142.0;97.0
52.0;141.0;96.5
52.0;138.0;95.0
52.0;139.0;95.5
52.0;138.0;95.0
52.0;138.0;95.0
52.0;138.0;95.0
52.0;138.0;95.0
52.0;137.0;94.5
52.0;137.0;94.5
52.0;142.0;97.0
52.0;135.0;93.5
52.0;140.0;96.0
52.0;138.0;95.0
52.0;139.0;95.5
52.0;137.0;94.5
52.0;140.0;96.0
52.0;142.0;97.0
52.0;138.0;95.0
52.0;138.0;95.0
52.0;141.0;96.5
52.0;143.0;97.5
52.0;139.0;95.5
52.0;138.0;95.0
52.0;135.0;93.5
52.0;135.0;93.5
52.0;143.0;97.5
52.0;139.0;95.5
52.0;137.0;94.5
52.0;137.0;94.5
52.0;143.0;97.5
52.0;137.0;94.5
52.0;143.0;97.5
52.0;141.0;96.5
52.0;138.0;95.0
52.0;141.0;96.5
52.0;138.0;95.0
52.0;141.0;96.5
52.0;136.0;94.0
52.0;137.0;94.5
52.0;140.0;96.0
52.0;138.0;95.0
52.0;140.0;96.0
52.0;141.0;96.5
52.0;140.0;96.0
52.0;141.0;96.5
52.0;141.0;96.5
52.0;138.0;95.0
52.0;140.0;96.0
52.0;142.0;97.0
52.0;139.0;95.5
52.0;144.0;98.0
52.0;132.0;92.0
52.0;137.0;94.5
52.0;141.0;96.5
52.0;138.0;95.0
52.0;140.0;96.0
52.0;143.0;97.5
52.0;141.0;96.5
52.0;142.0;97.0
52.0;137.0;94.5
52.0;142.0;97.0
52.0;138.0;95.0
52.0;138.0;95.0
52.0;140.0;96.0
52.0;138.0;95.0
52.0;137.0;94.5
52.0;142.0;97.0
52.0;136.0;94.0
52.0;138.0;95.0
52.0;137.0;94.5
52.0;138.0;95.0
52.0;138.0;95.0
52.0;142.0;97.0
52.0;141.0;96.5
52.0;141.0;96.5
52.0;137.0;94.5
52.0;141.0;96.5
52.0;141.0;96.5
52.0;141.0;96.5
52.0;137.0;94.5
52.0;138.0;95.0
52.0;142.0;97.0
52.0;141.0;96.5
52.0;139.0;95.5
52.0;137.0;94.5
52.0;141.0;96.5
52.0;139.0;95.5
52.0;139.0;95.5
52.0;140.0;96.0
52.0;139.0;95.5
52.0;137.0;94.5
52.0;139.0;95.5
52.0;138.0;95.0
52.0;142.0;97.0
52.0;138.0;95.0
52.0;139.0;95.5
52.0;139.0;95.5
52.0;137.0;94.5
52.0;136.0;94.0
52.0;141.0;96.5
52.0;137.0;94.5
52.0;140.0;96.0
52.0;139.0;95.5
52.0;143.0;97.5
52.0;140.0;96.0
52.0;137.0;94.5
52.0;136.0;94.0
52.0;133.0;92.5
52.0;136.0;94.0
52.0;138.0;95.0
52.0;136.0;94.0
52.0;142.0;97.0
52.0;141.0;96.5
52.0;141.0;96.5
52.0;140.0;96.0
52.0;143.0;97.5
52.0;141.0;96.5
52.0;138.0;95.0
52.0;139.0;95.5
52.0;141.0;96.5
52.0;137.0;94.5
52.0;138.0;95.0
52.0;137.0;94.5
52.0;141.0;96.5
52.0;137.0;94.5
52.0;140.0;96.0
52.0;140.0;96.0
52.0;141.0;96.5
52.0;137.0;94.5
52.0;137.0;94.5
52.0;141.0;96.5
52.0;136.0;94.0
52.0;142.0;97.0
52.0;138.0;95.0
52.0;138.0;95.0
52.0;142.0;97.0
52.0;142.0;97.0
52.0;134.0;93.0
52.0;143.0;97.5
52.0;139.0;95.5
52.0;139.0;95.5
52.0;139.0;95.5
52.0;136.0;94.0
52.0;136.0;94.0
52.0;141.0;96.5
52.0;137.0;94.5
52.0;143.0;97.5
40.0;137.0;88.5
40.0;136.0;88.0
40.0;143.0;91.5
40.0;137.0;88.5
40.0;139.0;89.5
40.0;138.0;89.0
40.0;137.0;88.5
40.0;143.0;91.5
40.0;142.0;91.0
40.0;142.0;91.0
40.0;142.0;91.0
40.0;142.0;91.0
40.0;138.0;89.0
40.0;141.0;90.5
40.0;143.0;91.5
40.0;138.0;89.0
40.0;140.0;90.0
40.0;142.0;91.0
40.0;143.0;91.5
40.0;137.0;88.5
40.0;143.0;91.5
40.0;143.0;91.5
40.0;134.0;87.0
40.0;140.0;90.0
40.0;140.0;90.0
40.0;138.0;89.0
40.0;137.0;88.5
40.0;138.0;89.0
40.0;136.0;88.0
40.0;139.0;89.5
40.0;141.0;90.5
40.0;143.0;91.5
40.0;141.0;90.5
40.0;144.0;92.0
40.0;138.0;89.0
40.0;140.0;90.0
40.0;137.0;88.5
40.0;137.0;88.5
40.0;140.0;90.0
40.0;135.0;87.5
40.0;143.0;91.5
40.0;141.0;90.5
40.0;137.0;88.5
40.0;138.0;89.0
40.0;141.0;90.5
40.0;143.0;91.5
40.0;142.0;91.0
40.0;136.0;88.0
40.0;134.0;87.0
40.0;137.0;88.5
40.0;142.0;91.0
40.0;137.0;88.5
40.0;142.0;91.0
40.0;139.0;89.5
40.0;141.0;90.5
40.0;142.0;91.0
40.0;142.0;91.0
40.0;136.0;88.0
40.0;143.0;91.5
40.0;136.0;88.0
40.0;138.0;89.0
40.0;138.0;89.0
40.0;137.0;88.5
40.0;140.0;90.0
40.0;138.0;89.0
40.0;138.0;89.0
40.0;138.0;89.0
40.0;138.0;89.0
40.0;141.0;90.5
40.0;138.0;89.0
40.0;138.0;89.0
40.0;137.0;88.5
40.0;138.0;89.0
40.0;138.0;89.0
40.0;138.0;89.0
40.0;135.0;87.5
40.0;141.0;90.5
40.0;138.0;89.0
40.0;141.0;90.5
40.0;141.0;90.5
40.0;137.0;88.5
40.0;138.0;89.0
40.0;138.0;89.0
40.0;143.0;91.5
40.0;142.0;91.0
40.0;142.0;91.0
40.0;140.0;90.0
40.0;136.0;88.0
40.0;142.0;91.0
40.0;142.0;91.0
40.0;137.0;88.5
40.0;136.0;88.0
40.0;137.0;88.5
40.0;141.0;90.5
40.0;140.0;90.0
40.0;138.0;89.0
40.0;135.0;87.5
40.0;136.0;88.0
40.0;140.0;90.0
40.0;139.0;89.5
40.0;139.0;89.5
40.0;138.0;89.0
40.0;138.0;89.0
40.0;141.0;90.5
40.0;139.0;89.5
40.0;137.0;88.5
40.0;136.0;88.0
40.0;140.0;90.0
40.0;142.0;91.0
40.0;140.0;90.0
40.0;138.0;89.0
40.0;141.0;90.5
40.0;138.0;89.0
40.0;141.0;90.5
40.0;142.0;91.0
40.0;138.0;89.0
40.0;139.0;89.5
40.0;138.0;89.0
40.0;142.0;91.0
40.0;140.0;90.0
40.0;137.0;88.5
40.0;139.0;89.5
40.0;139.0;89.5
40.0;139.0;89.5
40.0;136.0;88.0
40.0;136.0;88.0
40.0;137.0;88.5
40.0;137.0;88.5
40.0;142.0;91.0
40.0;139.0;89.5
40.0;142.0;91.0
40.0;139.0;89.5
40.0;136.0;88.0
40.0;140.0;90.0
40.0;137.0;88.5
40.0;138.0;89.0
40.0;136.0;88.0
40.0;142.0;91.0
40.0;139.0;89.5
40.0;141.0;90.5
40.0;138.0;89.0
40.0;142.0;91.0
40.0;139.0;89.5
40.0;136.0;88.0
40.0;139.0;89.5
40.0;140.0;90.0
40.0;138.0;89.0
40.0;141.0;90.5
40.0;138.0;89.0
40.0;136.0;88.0
40.0;138.0;89.0
40.0;137.0;88.5
40.0;137.0;88.5
40.0;138.0;89.0
40.0;142.0;91.0
40.0;140.0;90.0
40.0;144.0;92.0
40.0;137.0;88.5
40.0;140.0;90.0
40.0;143.0;91.5
40.0;138.0;89.0
40.0;140.0;90.0
40.0;138.0;89.0
40.0;142.0;91.0
40.0;143.0;91.5
40.0;136.0;88.0
40.0;139.0;89.5
40.0;142.0;91.0
40.0;139.0;89.5
40.0;140.0;90.0
40.0;139.0;89.5
40.0;138.0;89.0
40.0;140.0;90.0
40.0;137.0;88.5
40.0;141.0;90.5
40.0;136.0;88.0
40.0;139.0;89.5
40.0;142.0;91.0
40.0;138.0;89.0
40.0;138.0;89.0
40.0;140.0;90.0
40.0;137.0;88.5
40.0;141.0;90.5
40.0;137.0;88.5
40.0;136.0;88.0
40.0;143.0;91.5
40.0;138.0;89.0
40.0;136.0;88.0
40.0;136.0;88.0
40.0;138.0;89.0
40.0;137.0;88.5
40.0;143.0;91.5
40.0;138.0;89.0
40.0;143.0;91.5
40.0;143.0;91.5
40.0;137.0;88.5
40.0;143.0;91.5
40.0;137.0;88.5
40.0;138.0;89.0
40.0;140.0;90.0
40.0;141.0;90.5
40.0;141.0;90.5
40.0;137.0;88.5
40.0;137.0;88.5
40.0;142.0;91.0
40.0;140.0;90.0
40.0;138.0;89.0
40.0;142.0;91.0
40.0;141.0;90.5
40.0;137.0;88.5
40.0;137.0;88.5
40.0;141.0;90.5
40.0;142.0;91.0
40.0;144.0;92.0
40.0;140.0;90.0
40.0;139.0;89.5
40.0;142.0;91.0
40.0;141.0;90.5
40.0;137.0;88.5
40.0;137.0;88.5
40.0;142.0;91.0
40.0;137.0;88.5
40.0;142.0;91.0
40.0;137.0;88.5
40.0;141.0;90.5
40.0;141.0;90.5
40.0;138.0;89.0
40.0;141.0;90.5
40.0;136.0;88.0
40.0;142.0;91.0
40.0;142.0;91.0
40.0;141.0;90.5
40.0;137.0;88.5
40.0;140.0;90.0
40.0;143.0;91.5
40.0;140.0;90.0
40.0;137.0;88.5
40.0;137.0;88.5
40.0;132.0;86.0
40.0;139.0;89.5
40.0;140.0;90.0
40.0;141.0;90.5
40.0;141.0;90.5
40.0;140.0;90.0
40.0;137.0;88.5
40.0;136.0;88.0
40.0;140.0;90.0
40.0;139.0;89.5
40.0;137.0;88.5
40.0;142.0;91.0
40.0;143.0;91.5
40.0;142.0;91.0
40.0;138.0;89.0
40.0;135.0;87.5
40.0;142.0;91.0
40.0;137.0;88.5
40.0;140.0;90.0
40.0;138.0;89.0
40.0;138.0;89.0
40.0;138.0;89.0
40.0;136.0;88.0
40.0;139.0;89.5
40.0;141.0;90.5
40.0;137.0;88.5
40.0;138.0;89.0
40.0;140.0;90.0
40.0;140.0;90.0
40.0;137.0;88.5
40.0;141.0;90.5
40.0;143.0;91.5
40.0;143.0;91.5
40.0;142.0;91.0
40.0;142.0;91.0
40.0;142.0;91.0
40.0;142.0;91.0
40.0;137.0;88.5
40.0;141.0;90.5
40.0;143.0;91.5
40.0;141.0;90.5
40.0;139.0;89.5
40.0;138.0;89.0
40.0;138.0;89.0
40.0;137.0;88.5
40.0;141.0;90.5
40.0;139.0;89.5
40.0;139.0;89.5
40.0;137.0;88.5
40.0;143.0;91.5
40.0;136.0;88.0
40.0;143.0;91.5
40.0;140.0;90.0
40.0;141.0;90.5
40.0;137.0;88.5
40.0;136.0;88.0
40.0;141.0;90.5
40.0;142.0;91.0
40.0;138.0;89.0
40.0;141.0;90.5
40.0;141.0;90.5
40.0;137.0;88.5
