99.0;136.0;117.5
86.0;141.0;113.5
86.0;143.0;114.5
86.0;141.0;113.5
86.0;140.0;113.0
86.0;143.0;114.5
86.0;142.0;114.0
86.0;143.0;114.5
86.0;137.0;111.5
86.0;141.0;113.5
86.0;142.0;114.0
71.0;143.0;107.0
71.0;141.0;106.0
71.0;138.0;104.5
71.0;141.0;106.0
71.0;144.0;107.5
71.0;138.0;104.5
71.0;140.0;105.5
71.0;141.0;106.0
71.0;142.0;106.5
71.0;143.0;107.0
71.0;141.0;106.0
71.0;141.0;106.0
71.0;143.0;107.0
71.0;142.0;106.5
71.0;139.0;105.0
71.0;142.0;106.5
71.0;137.0;104.0
71.0;142.0;106.5
71.0;141.0;106.0
71.0;142.0;106.5
71.0;140.0;105.5
71.0;138.0;104.5
71.0;143.0;107.0
71.0;139.0;105.0
71.0;140.0;105.5
71.0;141.0;106.0
71.0;137.0;104.0
71.0;143.0;107.0
71.0;139.0;105.0
71.0;139.0;105.0
71.0;140.0;105.5
71.0;141.0;106.0
71.0;139.0;105.0
71.0;140.0;105.5
71.0;141.0;106.0
71.0;141.0;106.0
71.0;138.0;104.5
71.0;138.0;104.5
71.0;141.0;106.0
71.0;139.0;105.0
71.0;142.0;106.5
71.0;138.0;104.5
71.0;141.0;106.0
71.0;141.0;106.0
71.0;141.0;106.0
71.0;143.0;107.0
71.0;141.0;106.0
71.0;137.0;104.0
71.0;144.0;107.5
71.0;142.0;106.5
71.0;139.0;105.0
71.0;143.0;107.0
71.0;140.0;105.5
71.0;138.0;104.5
71.0;143.0;107.0
71.0;137.0;104.0
71.0;138.0;104.5
71.0;138.0;104.5
71.0;141.0;106.0
71.0;143.0;107.0
71.0;141.0;106.0
71.0;142.0;106.5
71.0;142.0;106.5
71.0;141.0;106.0
71.0;142.0;106.5
71.0;143.0;107.0
71.0;141.0;106.0
71.0;141.0;106.0
71.0;141.0;106.0
71.0;143.0;107.0
71.0;140.0;105.5
71.0;142.0;106.5
71.0;142.0;106.5
71.0;142.0;106.5
71.0;139.0;105.0
71.0;142.0;106.5
71.0;141.0;106.0
71.0;140.0;105.5
71.0;142.0;106.5
71.0;143.0;107.0
71.0;143.0;107.0
71.0;137.0;104.0
71.0;138.0;104.5
71.0;139.0;105.0
71.0;143.0;107.0
71.0;139.0;105.0
71.0;142.0;106.5
71.0;142.0;106.5
71.0;141.0;106.0
71.0;137.0;104.0
71.0;143.0;107.0
71.0;139.0;105.0
71.0;141.0;106.0
71.0;143.0;107.0
71.0;142.0;106.5
71.0;141.0;106.0
71.0;138.0;104.5
71.0;138.0;104.5
71.0;140.0;105.5
71.0;139.0;105.0
71.0;143.0;107.0
71.0;142.0;106.5
71.0;140.0;105.5
71.0;142.0;106.5
71.0;141.0;106.0
71.0;143.0;107.0
71.0;143.0;107.0
71.0;140.0;105.5
71.0;138.0;104.5
71.0;137.0;104.0
71.0;143.0;107.0
71.0;139.0;105.0
71.0;137.0;104.0
71.0;137.0;104.0
71.0;141.0;106.0
71.0;141.0;106.0
71.0;139.0;105.0
71.0;142.0;106.5
71.0;139.0;105.0
71.0;142.0;106.5
71.0;140.0;105.5
71.0;138.0;104.5
71.0;142.0;106.5
71.0;136.0;103.5
71.0;142.0;106.5
71.0;138.0;104.5
71.0;142.0;106.5
71.0;140.0;105.5
71.0;142.0;106.5
71.0;142.0;106.5
71.0;142.0;106.5
71.0;140.0;105.5
71.0;141.0;106.0
71.0;143.0;107.0
71.0;138.0;104.5
71.0;140.0;105.5
71.0;142.0;106.5
71.0;142.0;106.5
71.0;139.0;105.0
71.0;137.0;104.0
71.0;143.0;107.0
71.0;137.0;104.0
71.0;138.0;104.5
71.0;140.0;105.5
71.0;141.0;106.0
71.0;138.0;104.5
71.0;139.0;105.0
71.0;142.0;106.5
71.0;137.0;104.0
71.0;143.0;107.0
71.0;143.0;107.0
71.0;140.0;105.5
71.0;143.0;107.0
71.0;140.0;105.5
71.0;138.0;104.5
71.0;142.0;106.5
71.0;142.0;106.5
71.0;141.0;106.0
71.0;143.0;107.0
71.0;141.0;106.0
71.0;142.0;106.5
71.0;143.0;107.0
71.0;138.0;104.5
71.0;140.0;105.5
71.0;141.0;106.0
71.0;139.0;105.0
71.0;137.0;104.0
71.0;137.0;104.0
71.0;141.0;106.0
71.0;138.0;104.5
71.0;139.0;105.0
71.0;142.0;106.5
71.0;141.0;106.0
71.0;140.0;105.5
71.0;139.0;105.0
71.0;143.0;107.0
71.0;143.0;107.0
71.0;142.0;106.5
71.0;144.0;107.5
71.0;137.0;104.0
71.0;139.0;105.0
71.0;143.0;107.0
71.0;138.0;104.5
71.0;137.0;104.0
71.0;139.0;105.0
71.0;140.0;105.5
71.0;141.0;106.0
71.0;142.0;106.5
71.0;141.0;106.0
71.0;139.0;105.0
71.0;141.0;106.0
71.0;141.0;106.0
71.0;141.0;106.0
71.0;136.0;103.5
71.0;142.0;106.5
71.0;138.0;104.5
71.0;138.0;104.5
71.0;141.0;106.0
71.0;142.0;106.5
71.0;143.0;107.0
71.0;142.0;106.5
71.0;142.0;106.5
71.0;140.0;105.5
71.0;138.0;104.5
65.0;141.0;103.0
65.0;140.0;102.5
65.0;142.0;103.5
65.0;141.0;103.0
65.0;140.0;102.5
65.0;138.0;101.5
65.0;136.0;100.5
65.0;142.0;103.5
65.0;138.0;101.5
65.0;137.0;101.0
65.0;142.0;103.5
65.0;144.0;104.5
65.0;140.0;102.5
65.0;138.0;101.5
65.0;140.0;102.5
65.0;144.0;104.5
65.0;142.0;103.5
65.0;141.0;103.0
65.0;142.0;103.5
65.0;137.0;101.0
65.0;138.0;101.5
65.0;144.0;104.5
65.0;141.0;103.0
65.0;138.0;101.5
65.0;142.0;103.5
65.0;136.0;100.5
65.0;143.0;104.0
65.0;141.0;103.0
65.0;142.0;103.5
65.0;138.0;101.5
65.0;143.0;104.0
65.0;138.0;101.5
65.0;138.0;101.5
65.0;138.0;101.5
65.0;137.0;101.0
65.0;139.0;102.0
65.0;143.0;104.0
65.0;139.0;102.0
65.0;142.0;103.5
65.0;143.0;104.0
65.0;142.0;103.5
65.0;141.0;103.0
65.0;138.0;101.5
65.0;138.0;101.5
65.0;140.0;102.5
65.0;137.0;101.0
65.0;141.0;103.0
65.0;139.0;102.0
65.0;140.0;102.5
65.0;141.0;103.0
65.0;142.0;103.5
65.0;138.0;101.5
65.0;139.0;102.0
65.0;141.0;103.0
65.0;142.0;103.5
65.0;137.0;101.0
65.0;138.0;101.5
65.0;138.0;101.5
65.0;138.0;101.5
65.0;139.0;102.0
65.0;140.0;102.5
65.0;141.0;103.0
65.0;141.0;103.0
65.0;141.0;103.0
65.0;138.0;101.5
65.0;138.0;101.5
65.0;140.0;102.5
65.0;139.0;102.0
65.0;143.0;104.0
65.0;143.0;104.0
65.0;138.0;101.5
65.0;139.0;102.0
65.0;142.0;103.5
65.0;139.0;102.0
65.0;139.0;102.0
65.0;137.0;101.0
65.0;138.0;101.5
65.0;144.0;104.5
65.0;141.0;103.0
65.0;140.0;102.5
65.0;143.0;104.0
65.0;138.0;101.5
65.0;143.0;104.0
65.0;139.0;102.0
65.0;137.0;101.0
65.0;138.0;101.5
65.0;137.0;101.0
65.0;141.0;103.0
65.0;139.0;102.0
65.0;142.0;103.5
65.0;141.0;103.0
65.0;142.0;103.5
65.0;138.0;101.5
65.0;143.0;104.0
65.0;143.0;104.0
65.0;142.0;103.5
65.0;143.0;104.0
65.0;140.0;102.5
65.0;143.0;104.0
65.0;142.0;103.5
65.0;139.0;102.0
65.0;138.0;101.5
65.0;137.0;101.0
65.0;139.0;102.0
65.0;140.0;102.5
65.0;138.0;101.5
65.0;143.0;104.0
65.0;142.0;103.5
65.0;140.0;102.5
65.0;142.0;103.5
65.0;137.0;101.0
65.0;141.0;103.0
65.0;142.0;103.5
65.0;137.0;101.0
65.0;143.0;104.0
65.0;144.0;104.5
65.0;137.0;101.0
65.0;142.0;103.5
65.0;141.0;103.0
65.0;143.0;104.0
65.0;143.0;104.0
65.0;141.0;103.0
65.0;142.0;103.5
65.0;141.0;103.0
65.0;142.0;103.5
65.0;142.0;103.5
65.0;142.0;103.5
65.0;140.0;102.5
65.0;143.0;104.0
65.0;141.0;103.0
65.0;142.0;103.5
65.0;138.0;101.5
65.0;142.0;103.5
65.0;137.0;101.0
65.0;140.0;102.5
65.0;137.0;101.0
65.0;138.0;101.5
65.0;143.0;104.0
65.0;136.0;100.5
65.0;141.0;103.0
65.0;142.0;103.5
65.0;141.0;103.0
65.0;139.0;102.0
65.0;142.0;103.5
65.0;140.0;102.5
65.0;142.0;103.5
65.0;137.0;101.0
65.0;143.0;104.0
65.0;143.0;104.0
65.0;137.0;101.0
65.0;138.0;101.5
65.0;142.0;103.5
65.0;138.0;101.5
65.0;142.0;103.5
65.0;141.0;103.0
65.0;137.0;101.0
65.0;138.0;101.5
65.0;141.0;103.0
65.0;143.0;104.0
65.0;143.0;104.0
65.0;141.0;103.0
65.0;138.0;101.5
65.0;140.0;102.5
65.0;142.0;103.5
65.0;141.0;103.0
65.0;141.0;103.0
65.0;139.0;102.0
65.0;142.0;103.5
65.0;136.0;100.5
65.0;140.0;102.5
65.0;137.0;101.0
65.0;139.0;102.0
65.0;142.0;103.5
65.0;143.0;104.0
65.0;140.0;102.5
65.0;141.0;103.0
65.0;142.0;103.5
65.0;139.0;102.0
65.0;137.0;101.0
65.0;142.0;103.5
65.0;139.0;102.0
65.0;137.0;101.0
65.0;142.0;103.5
65.0;142.0;103.5
65.0;141.0;103.0
65.0;140.0;102.5
65.0;140.0;102.5
65.0;141.0;103.0
65.0;140.0;102.5
65.0;143.0;104.0
65.0;143.0;104.0
65.0;140.0;102.5
65.0;142.0;103.5
65.0;139.0;102.0
65.0;141.0;103.0
65.0;138.0;101.5
65.0;139.0;102.0
65.0;137.0;101.0
65.0;140.0;102.5
65.0;137.0;101.0
65.0;143.0;104.0
65.0;138.0;101.5
65.0;141.0;103.0
65.0;142.0;103.5
65.0;140.0;102.5
65.0;142.0;103.5
65.0;140.0;102.5
65.0;140.0;102.5
65.0;142.0;103.5
65.0;138.0;101.5
65.0;141.0;103.0
65.0;142.0;103.5
65.0;134.0;99.5
65.0;140.0;102.5
65.0;138.0;101.5
65.0;142.0;103.5
65.0;142.0;103.5
65.0;138.0;101.5
65.0;139.0;102.0
65.0;143.0;104.0
65.0;139.0;102.0
65.0;142.0;103.5
65.0;144.0;104.5
65.0;139.0;102.0
65.0;137.0;101.0
65.0;141.0;103.0
65.0;139.0;102.0
65.0;139.0;102.0
65.0;140.0;102.5
65.0;143.0;104.0
65.0;141.0;103.0
65.0;138.0;101.5
65.0;138.0;101.5
65.0;142.0;103.5
65.0;144.0;104.5
65.0;142.0;103.5
65.0;140.0;102.5
65.0;141.0;103.0
65.0;143.0;104.0
65.0;140.0;102.5
65.0;139.0;102.0
65.0;141.0;103.0
65.0;140.0;102.5
65.0;140.0;102.5
65.0;139.0;102.0
65.0;143.0;104.0
65.0;142.0;103.5
65.0;142.0;103.5
65.0;140.0;102.5
65.0;137.0;101.0
65.0;140.0;102.5
65.0;138.0;101.5
65.0;138.0;101.5
65.0;144.0;104.5
65.0;137.0;101.0
65.0;140.0;102.5
65.0;139.0;102.0
65.0;140.0;102.5
65.0;143.0;104.0
65.0;143.0;104.0
65.0;142.0;103.5
65.0;137.0;101.0
65.0;142.0;103.5
65.0;141.0;103.0
65.0;137.0;101.0
65.0;138.0;101.5
65.0;142.0;103.5
65.0;142.0;103.5
65.0;143.0;104.0
65.0;139.0;102.0
65.0;144.0;104.5
65.0;142.0;103.5
65.0;143.0;104.0
65.0;143.0;104.0
65.0;141.0;103.0
65.0;141.0;103.0
65.0;143.0;104.0
65.0;143.0;104.0
65.0;137.0;101.0
65.0;141.0;103.0
65.0;137.0;101.0
65.0;140.0;102.5
65.0;139.0;102.0
65.0;143.0;104.0
65.0;143.0;104.0
65.0;137.0;101.0
65.0;137.0;101.0
65.0;138.0;101.5
65.0;141.0;103.0
65.0;144.0;104.5
65.0;143.0;104.0
65.0;141.0;103.0
65.0;139.0;102.0
65.0;144.0;104.5
65.0;141.0;103.0
65.0;141.0;103.0
65.0;137.0;101.0
65.0;137.0;101.0
65.0;140.0;102.5
65.0;144.0;104.5
65.0;138.0;101.5
65.0;138.0;101.5
65.0;138.0;101.5
65.0;141.0;103.0
65.0;143.0;104.0
65.0;138.0;101.5
65.0;142.0;103.5
65.0;139.0;102.0
65.0;141.0;103.0
65.0;139.0;102.0
65.0;139.0;102.0
65.0;143.0;104.0
65.0;142.0;103.5
65.0;140.0;102.5
65.0;142.0;103.5
65.0;143.0;104.0
65.0;141.0;103.0
65.0;142.0;103.5
65.0;141.0;103.0
65.0;141.0;103.0
65.0;143.0;104.0
65.0;143.0;104.0
65.0;142.0;103.5
65.0;141.0;103.0
65.0;144.0;104.5
65.0;142.0;103.5
65.0;141.0;103.0
65.0;139.0;102.0
65.0;142.0;103.5
65.0;140.0;102.5
65.0;142.0;103.5
65.0;138.0;101.5
65.0;142.0;103.5
65.0;142.0;103.5
65.0;142.0;103.5
65.0;138.0;101.5
65.0;143.0;104.0
65.0;139.0;102.0
65.0;143.0;104.0
65.0;137.0;101.0
65.0;141.0;103.0
65.0;140.0;102.5
65.0;143.0;104.0
65.0;143.0;104.0
65.0;143.0;104.0
65.0;139.0;102.0
65.0;138.0;101.5
65.0;137.0;101.0
65.0;138.0;101.5
65.0;143.0;104.0
65.0;141.0;103.0
65.0;142.0;103.5
65.0;141.0;103.0
65.0;138.0;101.5
65.0;142.0;103.5
65.0;140.0;102.5
65.0;144.0;104.5
65.0;140.0;102.5
65.0;141.0;103.0
65.0;141.0;103.0
65.0;141.0;103.0
65.0;139.0;102.0
65.0;138.0;101.5
65.0;141.0;103.0
65.0;140.0;102.5
65.0;143.0;104.0
65.0;139.0;102.0
65.0;137.0;101.0
65.0;138.0;101.5
65.0;143.0;104.0
65.0;137.0;101.0
65.0;143.0;104.0
65.0;139.0;102.0
65.0;143.0;104.0
65.0;136.0;100.5
65.0;138.0;101.5
65.0;143.0;104.0
65.0;142.0;103.5
65.0;143.0;104.0
65.0;139.0;102.0
65.0;143.0;104.0
65.0;140.0;102.5
65.0;139.0;102.0
65.0;141.0;103.0
65.0;143.0;104.0
65.0;142.0;103.5
65.0;138.0;101.5
65.0;142.0;103.5
65.0;142.0;103.5
65.0;144.0;104.5
65.0;141.0;103.0
65.0;140.0;102.5
65.0;139.0;102.0
65.0;141.0;103.0
65.0;136.0;100.5
65.0;137.0;101.0
65.0;140.0;102.5
65.0;141.0;103.0
65.0;142.0;103.5
65.0;141.0;103.0
65.0;139.0;102.0
65.0;141.0;103.0
65.0;142.0;103.5
65.0;138.0;101.5
65.0;136.0;100.5
65.0;136.0;100.5
65.0;138.0;101.5
65.0;140.0;102.5
65.0;140.0;102.5
65.0;137.0;101.0
65.0;142.0;103.5
65.0;136.0;100.5
65.0;140.0;102.5
65.0;142.0;103.5
65.0;139.0;102.0
65.0;137.0;101.0
65.0;138.0;101.5
65.0;141.0;103.0
65.0;137.0;101.0
65.0;143.0;104.0
65.0;143.0;104.0
65.0;142.0;103.5
65.0;140.0;102.5
65.0;138.0;101.5
65.0;138.0;101.5
65.0;141.0;103.0
65.0;142.0;103.5
65.0;143.0;104.0
65.0;141.0;103.0
65.0;138.0;101.5
65.0;138.0;101.5
65.0;138.0;101.5
65.0;142.0;103.5
65.0;138.0;101.5
65.0;142.0;103.5
65.0;142.0;103.5
65.0;143.0;104.0
65.0;138.0;101.5
65.0;137.0;101.0
65.0;141.0;103.0
65.0;136.0;100.5
65.0;143.0;104.0
65.0;142.0;103.5
65.0;138.0;101.5
65.0;142.0;103.5
65.0;142.0;103.5
65.0;143.0;104.0
65.0;139.0;102.0
65.0;139.0;102.0
65.0;141.0;103.0
65.0;140.0;102.5
65.0;140.0;102.5
65.0;142.0;103.5
65.0;141.0;103.0
65.0;138.0;101.5
65.0;139.0;102.0
65.0;144.0;104.5
65.0;138.0;101.5
65.0;138.0;101.5
65.0;137.0;101.0
65.0;142.0;103.5
65.0;142.0;103.5
65.0;142.0;103.5
65.0;138.0;101.5
65.0;137.0;101.0
65.0;142.0;103.5
65.0;142.0;103.5
65.0;138.0;101.5
65.0;142.0;103.5
65.0;142.0;103.5
65.0;142.0;103.5
65.0;142.0;103.5
65.0;141.0;103.0
65.0;139.0;102.0
65.0;138.0;101.5
65.0;138.0;101.5
65.0;140.0;102.5
65.0;141.0;103.0
65.0;141.0;103.0
65.0;142.0;103.5
65.0;141.0;103.0
65.0;141.0;103.0
65.0;142.0;103.5
65.0;142.0;103.5
65.0;138.0;101.5
65.0;142.0;103.5
65.0;142.0;103.5
65.0;141.0;103.0
65.0;142.0;103.5
65.0;142.0;103.5
65.0;143.0;104.0
65.0;142.0;103.5
65.0;137.0;101.0
65.0;141.0;103.0
65.0;142.0;103.5
65.0;140.0;102.5
65.0;139.0;102.0
65.0;142.0;103.5
65.0;137.0;101.0
65.0;134.0;99.5
65.0;141.0;103.0
65.0;142.0;103.5
65.0;140.0;102.5
65.0;143.0;104.0
65.0;137.0;101.0
65.0;143.0;104.0
65.0;142.0;103.5
65.0;144.0;104.5
65.0;143.0;104.0
65.0;140.0;102.5
65.0;139.0;102.0
65.0;142.0;103.5
65.0;137.0;101.0
65.0;144.0;104.5
65.0;143.0;104.0
65.0;142.0;103.5
65.0;137.0;101.0
65.0;140.0;102.5
65.0;139.0;102.0
65.0;141.0;103.0
65.0;140.0;102.5
65.0;137.0;101.0
65.0;142.0;103.5
65.0;140.0;102.5
65.0;137.0;101.0
65.0;143.0;104.0
65.0;141.0;103.0
65.0;138.0;101.5
65.0;139.0;102.0
65.0;142.0;103.5
65.0;138.0;101.5
65.0;138.0;101.5
65.0;139.0;102.0
65.0;143.0;104.0
65.0;143.0;104.0
65.0;137.0;101.0
65.0;144.0;104.5
65.0;140.0;102.5
65.0;139.0;102.0
65.0;142.0;103.5
65.0;142.0;103.5
65.0;141.0;103.0
65.0;142.0;103.5
65.0;142.0;103.5
65.0;142.0;103.5
65.0;138.0;101.5
65.0;139.0;102.0
65.0;140.0;102.5
65.0;136.0;100.5
65.0;137.0;101.0
65.0;138.0;101.5
65.0;138.0;101.5
65.0;141.0;103.0
65.0;142.0;103.5
65.0;141.0;103.0
65.0;140.0;102.5
65.0;137.0;101.0
65.0;143.0;104.0
65.0;137.0;101.0
65.0;137.0;101.0
65.0;141.0;103.0
65.0;143.0;104.0
65.0;137.0;101.0
65.0;143.0;104.0
65.0;141.0;103.0
65.0;143.0;104.0
65.0;140.0;102.5
65.0;139.0;102.0
65.0;139.0;102.0
65.0;137.0;101.0
65.0;138.0;101.5
65.0;138.0;101.5
65.0;137.0;101.0
65.0;140.0;102.5
65.0;141.0;103.0
65.0;140.0;102.5
65.0;143.0;104.0
65.0;142.0;103.5
65.0;139.0;102.0
65.0;136.0;100.5
65.0;137.0;101.0
65.0;142.0;103.5
65.0;139.0;102.0
65.0;138.0;101.5
65.0;142.0;103.5
65.0;138.0;101.5
65.0;143.0;104.0
65.0;136.0;100.5
65.0;139.0;102.0
65.0;140.0;102.5
65.0;140.0;102.5
65.0;140.0;102.5
65.0;139.0;102.0
65.0;142.0;103.5
65.0;139.0;102.0
65.0;144.0;104.5
65.0;143.0;104.0
65.0;142.0;103.5
65.0;137.0;101.0
65.0;138.0;101.5
65.0;142.0;103.5
65.0;143.0;104.0
65.0;139.0;102.0
65.0;138.0;101.5
65.0;138.0;101.5
65.0;141.0;103.0
65.0;139.0;102.0
65.0;143.0;104.0
65.0;141.0;103.0
65.0;138.0;101.5
65.0;137.0;101.0
65.0;141.0;103.0
65.0;141.0;103.0
65.0;137.0;101.0
65.0;142.0;103.5
65.0;140.0;102.5
65.0;140.0;102.5
65.0;142.0;103.5
65.0;137.0;101.0
65.0;141.0;103.0
65.0;137.0;101.0
65.0;138.0;101.5
65.0;137.0;101.0
65.0;140.0;102.5
65.0;143.0;104.0
65.0;142.0;103.5
65.0;143.0;104.0
65.0;141.0;103.0
65.0;139.0;102.0
65.0;139.0;102.0
65.0;143.0;104.0
65.0;142.0;103.5
65.0;138.0;101.5
65.0;143.0;104.0
65.0;141.0;103.0
65.0;141.0;103.0
65.0;143.0;104.0
65.0;141.0;103.0
65.0;142.0;103.5
65.0;140.0;102.5
65.0;142.0;103.5
65.0;137.0;101.0
65.0;142.0;103.5
65.0;141.0;103.0
65.0;137.0;101.0
65.0;143.0;104.0
65.0;143.0;104.0
65.0;139.0;102.0
65.0;141.0;103.0
65.0;138.0;101.5
65.0;141.0;103.0
65.0;142.0;103.5
65.0;140.0;102.5
65.0;140.0;102.5
65.0;138.0;101.5
65.0;139.0;102.0
65.0;142.0;103.5
65.0;142.0;103.5
65.0;140.0;102.5
65.0;141.0;103.0
65.0;137.0;101.0
65.0;142.0;103.5
65.0;138.0;101.5
65.0;141.0;103.0
65.0;142.0;103.5
65.0;140.0;102.5
65.0;138.0;101.5
65.0;142.0;103.5
65.0;138.0;101.5
65.0;138.0;101.5
65.0;138.0;101.5
65.0;143.0;104.0
65.0;138.0;101.5
65.0;140.0;102.5
65.0;138.0;101.5
65.0;137.0;101.0
65.0;141.0;103.0
65.0;141.0;103.0
65.0;140.0;102.5
65.0;142.0;103.5
65.0;138.0;101.5
65.0;139.0;102.0
65.0;140.0;102.5
65.0;142.0;103.5
65.0;138.0;101.5
65.0;142.0;103.5
65.0;142.0;103.5
65.0;142.0;103.5
65.0;138.0;101.5
65.0;137.0;101.0
65.0;139.0;102.0
65.0;139.0;102.0
65.0;143.0;104.0
65.0;143.0;104.0
65.0;142.0;103.5
65.0;137.0;101.0
65.0;142.0;103.5
65.0;140.0;102.5
65.0;141.0;103.0
65.0;141.0;103.0
65.0;142.0;103.5
65.0;141.0;103.0
65.0;141.0;103.0
65.0;142.0;103.5
65.0;142.0;103.5
65.0;142.0;103.5
65.0;140.0;102.5
65.0;141.0;103.0
65.0;141.0;103.0
65.0;137.0;101.0
65.0;141.0;103.0
65.0;141.0;103.0
65.0;142.0;103.5
65.0;137.0;101.0
65.0;141.0;103.0
65.0;139.0;102.0
65.0;141.0;103.0
65.0;141.0;103.0
65.0;140.0;102.5
65.0;137.0;101.0
65.0;137.0;101.0
65.0;137.0;101.0
65.0;137.0;101.0
65.0;141.0;103.0
65.0;140.0;102.5
65.0;137.0;101.0
65.0;142.0;103.5
65.0;142.0;103.5
65.0;143.0;104.0
65.0;138.0;101.5
65.0;142.0;103.5
65.0;142.0;103.5
65.0;140.0;102.5
65.0;139.0;102.0
65.0;138.0;101.5
65.0;143.0;104.0
65.0;142.0;103.5
65.0;142.0;103.5
65.0;142.0;103.5
65.0;143.0;104.0
65.0;142.0;103.5
65.0;140.0;102.5
65.0;142.0;103.5
65.0;144.0;104.5
65.0;138.0;101.5
65.0;142.0;103.5
65.0;140.0;102.5
65.0;142.0;103.5
65.0;137.0;101.0
65.0;142.0;103.5
65.0;140.0;102.5
65.0;137.0;101.0
65.0;139.0;102.0
65.0;141.0;103.0
65.0;142.0;103.5
65.0;143.0;104.0
65.0;138.0;101.5
65.0;140.0;102.5
65.0;140.0;102.5
65.0;137.0;101.0
65.0;142.0;103.5
65.0;144.0;104.5
65.0;142.0;103.5
65.0;142.0;103.5
65.0;138.0;101.5
65.0;144.0;104.5
65.0;140.0;102.5
65.0;143.0;104.0
65.0;141.0;103.0
65.0;140.0;102.5
65.0;140.0;102.5
65.0;142.0;103.5
65.0;138.0;101.5
65.0;141.0;103.0
65.0;143.0;104.0
65.0;144.0;104.5
65.0;141.0;103.0
65.0;139.0;102.0
65.0;141.0;103.0
65.0;142.0;103.5
65.0;136.0;100.5
65.0;141.0;103.0
65.0;138.0;101.5
65.0;143.0;104.0
65.0;142.0;103.5
