99.0;136.0;117.5
85.2;142.4;113.8
84.4;141.8;113.1
80.2;142.0;111.1
79.6;141.0;110.3
78.8;140.8;109.8
78.6;141.4;110.0
78.6;141.0;109.8
74.6;140.8;107.7
74.6;142.0;108.3
74.6;141.8;108.2
74.6;141.4;108.0
74.6;142.4;108.5
73.4;141.8;107.6
73.4;141.0;107.2
73.4;139.8;106.6
73.4;142.6;108.0
73.4;141.8;107.6
73.4;140.8;107.1
73.4;140.8;107.1
73.4;141.2;107.3
73.4;141.8;107.6
71.6;141.4;106.5
71.6;141.6;106.6
71.6;139.8;105.7
71.6;140.4;106.0
70.8;140.6;105.7
70.6;141.8;106.2
70.6;140.8;105.7
70.6;141.0;105.8
70.2;141.8;106.0
70.2;141.8;106.0
70.0;139.6;104.8
70.0;141.4;105.7
70.0;142.2;106.1
70.0;140.6;105.3
70.0;141.0;105.5
70.0;141.6;105.8
70.0;140.4;105.2
70.0;142.0;106.0
70.0;142.4;106.2
70.0;141.8;105.9
70.0;141.0;105.5
70.0;142.0;106.0
70.0;142.4;106.2
70.0;141.8;105.9
69.6;141.2;105.4
69.6;142.0;105.8
69.6;141.6;105.6
69.6;141.2;105.4
69.6;140.0;104.8
69.6;140.6;105.1
69.6;141.2;105.4
68.6;142.2;105.4
68.6;140.0;104.3
68.6;141.8;105.2
68.6;141.0;104.8
68.6;142.0;105.3
68.6;141.6;105.1
68.6;140.4;104.5
67.4;140.8;104.1
67.4;141.4;104.4
67.4;142.2;104.8
67.4;140.2;103.8
67.4;142.0;104.7
67.4;140.6;104.0
67.4;141.6;104.5
67.4;142.0;104.7
67.4;142.0;104.7
66.4;140.6;103.5
66.4;142.2;104.3
66.4;142.0;104.2
66.4;140.6;103.5
66.4;140.8;103.6
66.4;141.4;103.9
66.0;141.8;103.9
66.0;141.8;103.9
66.0;141.8;103.9
66.0;141.2;103.6
66.0;141.4;103.7
66.0;140.0;103.0
66.0;142.4;104.2
66.0;141.6;103.8
66.0;141.0;103.5
66.0;141.2;103.6
66.0;140.0;103.0
66.0;141.8;103.9
66.0;141.8;103.9
66.0;141.6;103.8
66.0;141.8;103.9
66.0;139.8;102.9
66.0;141.4;103.7
66.0;142.0;104.0
66.0;141.4;103.7
66.0;141.2;103.6
66.0;141.6;103.8
66.0;141.6;103.8
66.0;141.2;103.6
66.0;141.2;103.6
66.0;139.4;102.7
66.0;141.0;103.5
66.0;141.8;103.9
66.0;139.8;102.9
66.0;141.6;103.8
65.6;141.2;103.4
65.6;141.2;103.4
65.6;141.6;103.6
65.6;140.8;103.2
65.6;141.0;103.3
65.6;140.2;102.9
65.6;141.4;103.5
65.6;142.2;103.9
65.6;140.4;103.0
65.6;141.6;103.6
65.6;140.8;103.2
65.6;141.2;103.4
65.6;141.8;103.7
65.6;141.2;103.4
65.6;141.8;103.7
65.6;141.6;103.6
65.6;140.2;102.9
65.6;141.4;103.5
65.2;141.2;103.2
65.2;141.4;103.3
65.2;142.0;103.6
65.2;142.2;103.7
65.2;140.6;102.9
65.2;140.8;103.0
65.2;140.2;102.7
65.2;140.6;102.9
65.2;140.6;102.9
65.2;142.0;103.6
65.2;140.4;102.8
65.2;141.8;103.5
65.2;141.2;103.2
65.2;141.4;103.3
65.2;141.4;103.3
65.2;141.0;103.1
65.2;140.8;103.0
65.2;141.2;103.2
65.2;142.8;104.0
65.2;141.6;103.4
65.2;141.8;103.5
65.2;141.4;103.3
65.2;141.6;103.4
65.2;141.2;103.2
65.2;141.0;103.1
65.2;140.8;103.0
65.2;140.8;103.0
65.2;142.0;103.6
64.8;141.6;103.2
64.8;142.2;103.5
64.8;142.2;103.5
64.8;141.8;103.3
64.8;142.0;103.4
64.0;142.2;103.1
64.0;142.0;103.0
64.0;141.0;102.5
64.0;141.2;102.6
64.0;141.8;102.9
64.0;141.0;102.5
64.0;139.2;101.6
64.0;141.8;102.9
64.0;140.2;102.1
64.0;142.4;103.2
63.4;141.4;102.4
63.4;141.8;102.6
63.4;140.6;102.0
63.4;142.0;102.7
63.0;142.2;102.6
63.0;142.4;102.7
62.2;140.0;101.1
62.2;142.6;102.4
62.2;140.8;101.5
62.2;141.4;101.8
62.2;141.0;101.6
62.2;141.0;101.6
62.2;140.8;101.5
62.2;141.0;101.6
62.2;140.6;101.4
62.2;140.2;101.2
62.2;140.6;101.4
62.2;140.2;101.2
62.2;141.6;101.9
62.2;141.2;101.7
62.2;140.0;101.1
62.2;141.0;101.6
62.2;141.8;102.0
62.2;142.6;102.4
62.2;139.0;100.6
62.2;139.6;100.9
62.2;142.6;102.4
62.2;141.8;102.0
62.2;141.6;101.9
62.2;141.2;101.7
62.2;141.4;101.8
62.2;140.0;101.1
62.2;142.4;102.3
62.2;141.8;102.0
62.2;141.2;101.7
62.2;140.6;101.4
62.2;139.8;101.0
62.2;140.2;101.2
62.2;139.2;100.7
62.2;141.8;102.0
62.2;141.6;101.9
62.2;141.2;101.7
62.2;141.6;101.9
62.2;140.0;101.1
62.2;142.2;102.2
62.2;140.2;101.2
62.2;140.6;101.4
62.2;139.8;101.0
62.2;142.6;102.4
62.2;139.6;100.9
62.2;140.8;101.5
62.2;140.6;101.4
62.2;141.0;101.6
62.2;142.0;102.1
62.2;142.4;102.3
62.2;140.8;101.5
62.2;140.6;101.4
62.2;140.2;101.2
62.2;139.6;100.9
62.2;141.0;101.6
62.2;141.8;102.0
62.2;141.0;101.6
62.2;141.0;101.6
62.2;141.0;101.6
62.2;140.0;101.1
61.4;140.2;100.8
61.4;142.2;101.8
61.4;141.2;101.3
61.4;140.8;101.1
61.4;140.6;101.0
61.4;140.8;101.1
61.4;141.4;101.4
61.4;141.0;101.2
60.2;139.8;100.0
60.2;140.0;100.1
60.2;139.8;100.0
60.2;141.4;100.8
60.2;141.8;101.0
60.2;140.0;100.1
60.2;141.4;100.8
60.2;140.2;100.2
60.2;139.4;99.8
60.2;140.8;100.5
60.2;140.4;100.3
60.2;141.8;101.0
60.2;141.0;100.6
60.2;141.6;100.9
60.2;141.4;100.8
60.2;141.0;100.6
60.2;140.4;100.3
60.2;141.0;100.6
60.2;142.6;101.4
60.2;141.6;100.9
60.2;140.6;100.4
60.2;141.0;100.6
60.2;140.6;100.4
60.2;140.4;100.3
60.2;140.8;100.5
60.2;142.6;101.4
60.2;141.4;100.8
60.2;141.0;100.6
60.2;141.4;100.8
60.2;140.8;100.5
60.2;139.6;99.9
60.2;141.2;100.7
60.2;141.8;101.0
60.2;141.8;101.0
60.2;141.6;100.9
60.2;141.2;100.7
60.2;141.2;100.7
60.2;139.8;100.0
60.2;141.8;101.0
60.2;141.2;100.7
60.0;141.4;100.7
60.0;141.6;100.8
60.0;141.6;100.8
60.0;142.0;101.0
60.0;140.6;100.3
60.0;141.0;100.5
59.2;142.2;100.7
59.2;141.2;100.2
59.2;142.2;100.7
59.2;141.4;100.3
59.2;142.0;100.6
59.2;141.4;100.3
59.2;142.6;100.9
59.2;141.8;100.5
59.2;139.4;99.3
59.2;141.2;100.2
59.2;141.2;100.2
59.2;140.6;99.9
59.2;141.8;100.5
59.2;142.4;100.8
59.2;140.8;100.0
59.2;141.6;100.4
59.2;140.0;99.6
59.2;141.2;100.2
59.2;141.2;100.2
59.2;141.2;100.2
59.2;140.0;99.6
59.2;140.8;100.0
59.2;142.8;101.0
59.2;141.6;100.4
59.2;141.0;100.1
59.2;142.4;100.8
59.2;140.4;99.8
59.2;141.0;100.1
59.2;140.8;100.0
59.2;139.2;99.2
59.2;141.8;100.5
59.2;142.2;100.7
59.2;141.6;100.4
59.2;142.2;100.7
59.2;141.4;100.3
59.2;140.8;100.0
59.2;140.4;99.8
59.2;141.2;100.2
59.2;140.8;100.0
59.2;140.8;100.0
59.2;140.4;99.8
59.2;140.4;99.8
59.2;142.0;100.6
59.2;140.8;100.0
59.2;141.0;100.1
59.2;141.2;100.2
59.2;140.8;100.0
59.2;140.2;99.7
58.0;140.2;99.1
58.0;140.8;99.4
58.0;140.0;99.0
58.0;141.2;99.6
58.0;141.6;99.8
58.0;141.0;99.5
58.0;141.0;99.5
58.0;140.8;99.4
58.0;142.0;100.0
58.0;140.4;99.2
58.0;142.0;100.0
58.0;140.2;99.1
58.0;140.8;99.4
58.0;142.2;100.1
58.0;140.4;99.2
58.0;141.6;99.8
58.0;142.0;100.0
58.0;141.8;99.9
58.0;141.0;99.5
58.0;141.0;99.5
58.0;141.2;99.6
58.0;140.2;99.1
58.0;141.2;99.6
58.0;140.6;99.3
58.0;141.4;99.7
58.0;140.6;99.3
58.0;139.8;98.9
58.0;141.4;99.7
58.0;141.8;99.9
58.0;142.6;100.3
58.0;138.8;98.4
58.0;141.2;99.6
58.0;140.6;99.3
58.0;141.6;99.8
58.0;140.8;99.4
58.0;141.4;99.7
58.0;141.2;99.6
58.0;142.0;100.0
58.0;140.8;99.4
58.0;141.2;99.6
58.0;142.0;100.0
58.0;141.6;99.8
58.0;141.6;99.8
58.0;142.4;100.2
58.0;141.2;99.6
58.0;141.6;99.8
58.0;142.0;100.0
58.0;140.8;99.4
58.0;141.0;99.5
58.0;142.0;100.0
58.0;141.4;99.7
58.0;141.2;99.6
58.0;141.2;99.6
58.0;142.0;100.0
58.0;141.8;99.9
58.0;142.2;100.1
58.0;141.0;99.5
58.0;141.2;99.6
58.0;142.0;100.0
58.0;142.0;100.0
58.0;141.6;99.8
58.0;141.4;99.7
58.0;140.4;99.2
58.0;141.2;99.6
58.0;141.4;99.7
58.0;142.0;100.0
58.0;141.6;99.8
58.0;140.6;99.3
58.0;141.8;99.9
58.0;140.4;99.2
58.0;139.6;98.8
58.0;141.0;99.5
58.0;141.8;99.9
58.0;140.8;99.4
58.0;141.0;99.5
58.0;140.8;99.4
58.0;142.6;100.3
58.0;142.0;100.0
58.0;141.0;99.5
58.0;141.8;99.9
57.8;141.4;99.6
57.8;139.6;98.7
57.8;141.4;99.6
57.8;139.8;98.8
57.8;142.6;100.2
57.8;142.0;99.9
57.8;141.2;99.5
57.8;141.0;99.4
57.6;141.0;99.3
57.6;141.0;99.3
57.6;140.6;99.1
57.6;141.4;99.5
57.6;141.0;99.3
57.6;140.0;98.8
57.6;141.4;99.5
57.6;141.4;99.5
57.6;140.8;99.2
57.6;140.6;99.1
57.6;141.2;99.4
57.0;141.8;99.4
57.0;140.8;98.9
57.0;140.8;98.9
57.0;141.2;99.1
57.0;141.4;99.2
57.0;142.4;99.7
57.0;141.0;99.0
57.0;141.6;99.3
57.0;141.8;99.4
57.0;140.4;98.7
57.0;141.6;99.3
57.0;139.8;98.4
57.0;141.6;99.3
57.0;140.8;98.9
57.0;142.0;99.5
57.0;141.4;99.2
57.0;140.0;98.5
57.0;142.2;99.6
57.0;141.0;99.0
57.0;140.6;98.8
57.0;141.0;99.0
57.0;140.8;98.9
57.0;141.6;99.3
57.0;141.2;99.1
57.0;141.0;99.0
57.0;141.8;99.4
57.0;142.0;99.5
57.0;142.8;99.9
57.0;141.4;99.2
57.0;141.2;99.1
57.0;141.6;99.3
57.0;140.4;98.7
57.0;140.8;98.9
57.0;141.2;99.1
57.0;140.4;98.7
57.0;140.6;98.8
57.0;141.2;99.1
57.0;141.4;99.2
57.0;141.6;99.3
57.0;140.2;98.6
57.0;141.8;99.4
57.0;141.4;99.2
57.0;141.2;99.1
57.0;141.4;99.2
57.0;142.6;99.8
57.0;140.4;98.7
57.0;140.8;98.9
57.0;140.6;98.8
57.0;141.6;99.3
57.0;140.0;98.5
57.0;140.8;98.9
57.0;141.8;99.4
57.0;141.8;99.4
57.0;140.0;98.5
57.0;140.6;98.8
57.0;140.0;98.5
57.0;141.4;99.2
57.0;140.6;98.8
57.0;140.8;98.9
57.0;142.0;99.5
57.0;142.2;99.6
57.0;140.6;98.8
57.0;140.6;98.8
57.0;141.0;99.0
57.0;139.2;98.1
57.0;141.6;99.3
57.0;141.8;99.4
57.0;141.4;99.2
57.0;140.2;98.6
57.0;140.8;98.9
57.0;140.6;98.8
57.0;140.6;98.8
57.0;141.2;99.1
57.0;140.2;98.6
57.0;138.8;97.9
57.0;142.0;99.5
57.0;140.6;98.8
57.0;140.4;98.7
56.6;141.2;98.9
56.6;140.4;98.5
56.6;141.0;98.8
56.6;141.2;98.9
56.6;142.2;99.4
56.6;140.0;98.3
56.6;141.8;99.2
56.6;141.2;98.9
56.6;141.4;99.0
56.6;140.4;98.5
56.6;141.2;98.9
56.6;141.4;99.0
56.6;140.6;98.6
56.6;141.4;99.0
56.6;140.8;98.7
56.6;141.2;98.9
56.6;142.2;99.4
56.6;140.2;98.4
56.6;141.8;99.2
56.6;139.2;97.9
56.6;140.8;98.7
56.6;140.6;98.6
56.6;142.2;99.4
56.6;141.6;99.1
56.6;141.6;99.1
56.6;141.4;99.0
56.6;141.0;98.8
56.6;140.8;98.7
56.6;140.4;98.5
56.6;141.6;99.1
55.2;141.0;98.1
55.2;140.8;98.0
55.2;141.0;98.1
55.2;142.2;98.7
55.2;141.0;98.1
55.2;139.2;97.2
55.2;141.4;98.3
55.2;141.6;98.4
55.2;142.6;98.9
55.2;140.6;97.9
55.2;141.4;98.3
55.2;141.2;98.2
55.2;141.4;98.3
55.2;141.8;98.5
55.2;141.8;98.5
55.2;140.0;97.6
55.2;141.2;98.2
55.2;141.8;98.5
55.2;141.6;98.4
55.2;140.8;98.0
55.2;141.2;98.2
55.2;141.4;98.3
55.2;140.4;97.8
55.2;140.2;97.7
55.2;141.4;98.3
55.2;141.0;98.1
55.2;140.6;97.9
55.2;141.0;98.1
55.2;140.2;97.7
55.2;141.4;98.3
55.2;141.0;98.1
55.2;141.2;98.2
55.2;141.8;98.5
55.2;142.6;98.9
55.2;140.2;97.7
55.2;140.0;97.6
55.2;141.0;98.1
55.2;140.0;97.6
55.2;141.6;98.4
55.2;140.8;98.0
55.2;140.6;97.9
55.2;140.6;97.9
55.2;141.8;98.5
55.2;142.0;98.6
55.2;140.4;97.8
55.2;141.0;98.1
55.2;141.2;98.2
55.2;141.4;98.3
55.2;141.0;98.1
55.2;140.4;97.8
55.2;140.8;98.0
55.2;141.6;98.4
55.2;140.8;98.0
55.2;141.4;98.3
55.2;141.0;98.1
55.2;139.2;97.2
55.2;141.8;98.5
55.2;140.2;97.7
55.2;140.8;98.0
55.2;141.8;98.5
55.2;140.8;98.0
55.2;142.6;98.9
55.2;141.6;98.4
55.2;140.8;98.0
55.2;141.6;98.4
55.2;141.8;98.5
55.2;142.2;98.7
55.2;140.4;97.8
55.2;141.8;98.5
55.2;141.0;98.1
55.2;140.8;98.0
55.2;141.8;98.5
55.2;142.2;98.7
55.2;140.4;97.8
55.2;141.8;98.5
55.2;141.4;98.3
55.2;142.0;98.6
55.2;141.8;98.5
55.2;142.0;98.6
55.2;141.8;98.5
55.2;140.8;98.0
55.2;141.2;98.2
55.2;141.0;98.1
55.2;141.0;98.1
55.2;141.8;98.5
55.2;139.6;97.4
55.2;141.2;98.2
55.2;140.2;97.7
55.2;141.8;98.5
55.2;141.2;98.2
55.2;141.4;98.3
55.2;141.2;98.2
55.2;141.4;98.3
55.2;140.4;97.8
55.2;140.4;97.8
55.2;141.4;98.3
55.2;141.8;98.5
55.2;142.0;98.6
55.2;140.6;97.9
55.2;140.8;98.0
55.2;141.0;98.1
55.2;139.8;97.5
55.2;142.4;98.8
55.2;141.2;98.2
55.2;142.4;98.8
55.2;141.2;98.2
55.2;140.8;98.0
55.2;141.0;98.1
55.2;141.6;98.4
55.2;141.8;98.5
55.2;139.0;97.1
55.2;140.8;98.0
55.2;142.2;98.7
55.2;141.6;98.4
55.2;142.4;98.8
55.2;140.4;97.8
55.2;141.6;98.4
55.2;142.0;98.6
55.2;141.6;98.4
55.2;141.6;98.4
55.2;140.0;97.6
55.2;142.6;98.9
55.2;142.4;98.8
55.2;140.4;97.8
55.2;141.2;98.2
55.2;141.2;98.2
55.2;140.2;97.7
55.2;141.2;98.2
55.2;141.6;98.4
55.2;141.6;98.4
55.2;141.8;98.5
55.2;142.8;99.0
55.2;141.0;98.1
55.2;142.0;98.6
55.2;141.2;98.2
55.2;142.4;98.8
55.2;141.4;98.3
55.2;140.6;97.9
55.2;142.0;98.6
55.2;140.0;97.6
55.2;141.2;98.2
55.2;140.6;97.9
55.2;141.0;98.1
55.2;141.2;98.2
55.2;141.6;98.4
55.2;141.2;98.2
55.2;140.8;98.0
55.2;140.8;98.0
55.2;140.8;98.0
55.2;140.4;97.8
55.2;141.8;98.5
55.2;141.0;98.1
55.2;142.0;98.6
55.2;140.0;97.6
55.2;142.2;98.7
55.2;141.2;98.2
55.2;142.0;98.6
55.2;142.0;98.6
55.2;142.2;98.7
55.2;140.2;97.7
55.2;141.4;98.3
55.2;141.0;98.1
55.2;140.8;98.0
55.2;140.6;97.9
55.2;141.2;98.2
55.2;141.2;98.2
55.2;139.8;97.5
55.2;141.2;98.2
55.2;141.6;98.4
55.2;140.8;98.0
55.2;141.0;98.1
55.2;141.6;98.4
54.8;140.6;97.7
54.8;141.4;98.1
54.8;140.6;97.7
54.8;141.4;98.1
54.8;141.2;98.0
54.8;141.2;98.0
54.8;142.4;98.6
54.8;143.0;98.9
54.8;139.8;97.3
54.8;141.2;98.0
54.8;142.6;98.7
54.8;140.8;97.8
54.8;140.6;97.7
54.8;140.6;97.7
54.8;141.6;98.2
54.8;142.2;98.5
54.8;141.6;98.2
54.8;140.8;97.8
54.8;141.4;98.1
54.8;140.2;97.5
54.8;142.2;98.5
54.8;142.2;98.5
54.8;141.0;97.9
54.8;140.4;97.6
54.8;142.4;98.6
54.8;140.6;97.7
54.8;141.8;98.3
54.8;141.6;98.2
54.8;141.2;98.0
54.8;141.4;98.1
54.8;140.6;97.7
54.8;142.6;98.7
54.8;141.2;98.0
54.8;141.4;98.1
54.8;141.6;98.2
54.8;141.6;98.2
54.8;141.2;98.0
54.8;139.8;97.3
54.8;141.2;98.0
54.8;141.0;97.9
54.8;141.6;98.2
54.8;140.6;97.7
54.8;141.4;98.1
54.8;140.8;97.8
54.8;141.2;98.0
54.8;142.6;98.7
54.8;140.2;97.5
54.8;141.2;98.0
54.8;141.4;98.1
54.8;139.4;97.1
54.8;142.0;98.4
54.8;140.6;97.7
54.8;141.4;98.1
54.8;141.2;98.0
54.8;141.2;98.0
54.8;142.4;98.6
54.8;140.4;97.6
54.8;141.0;97.9
54.8;141.0;97.9
54.8;141.2;98.0
54.8;139.8;97.3
54.8;141.8;98.3
54.8;141.6;98.2
54.8;140.6;97.7
54.8;141.0;97.9
54.8;141.6;98.2
54.8;139.4;97.1
54.8;140.4;97.6
54.8;141.0;97.9
54.8;140.0;97.4
54.8;141.6;98.2
54.8;141.6;98.2
54.8;141.0;97.9
54.8;141.0;97.9
54.8;140.8;97.8
54.8;142.8;98.8
54.8;141.6;98.2
54.8;141.6;98.2
54.8;141.8;98.3
54.8;141.4;98.1
54.8;141.6;98.2
54.8;141.6;98.2
54.8;140.2;97.5
54.8;140.4;97.6
54.8;140.6;97.7
54.8;141.8;98.3
54.8;141.4;98.1
54.8;141.2;98.0
54.8;141.2;98.0
54.8;141.8;98.3
54.8;141.6;98.2
54.8;142.2;98.5
54.8;141.2;98.0
54.8;141.4;98.1
54.8;139.8;97.3
54.8;141.0;97.9
54.8;141.2;98.0
54.8;141.2;98.0
54.8;141.2;98.0
54.8;141.2;98.0
54.8;141.4;98.1
54.8;139.6;97.2
54.8;141.2;98.0
54.8;141.8;98.3
54.8;141.4;98.1
54.8;141.0;97.9
54.8;140.4;97.6
54.8;141.6;98.2
54.8;142.2;98.5
54.8;141.2;98.0
54.8;142.8;98.8
54.8;142.4;98.6
54.8;141.4;98.1
54.8;141.2;98.0
54.8;140.2;97.5
54.8;142.0;98.4
54.8;141.2;98.0
54.8;140.6;97.7
54.8;141.6;98.2
54.8;140.4;97.6
54.8;139.2;97.0
54.8;142.0;98.4
54.8;142.4;98.6
54.8;141.4;98.1
54.8;141.8;98.3
54.8;142.4;98.6
54.8;141.0;97.9
54.8;141.2;98.0
54.8;142.0;98.4
54.8;141.8;98.3
54.8;140.6;97.7
54.8;141.4;98.1
54.8;141.8;98.3
54.8;141.2;98.0
54.8;141.6;98.2
54.8;140.6;97.7
54.8;140.8;97.8
54.8;142.4;98.6
54.8;141.6;98.2
54.8;141.2;98.0
54.8;142.2;98.5
54.8;141.6;98.2
54.8;142.2;98.5
54.8;140.2;97.5
54.8;141.6;98.2
54.8;141.2;98.0
54.8;141.4;98.1
54.8;140.4;97.6
54.8;141.2;98.0
54.8;139.2;97.0
54.8;140.4;97.6
54.8;141.2;98.0
54.8;142.4;98.6
54.8;142.6;98.7
54.8;142.4;98.6
54.8;140.8;97.8
54.8;141.0;97.9
54.8;141.2;98.0
54.8;141.4;98.1
54.8;142.2;98.5
54.8;142.0;98.4
54.8;141.4;98.1
54.8;142.8;98.8
54.8;141.2;98.0
54.8;141.2;98.0
54.8;141.6;98.2
54.8;141.4;98.1
54.8;141.4;98.1
54.8;141.6;98.2
54.8;141.8;98.3
54.8;141.4;98.1
54.8;140.2;97.5
54.8;140.8;97.8
54.8;140.8;97.8
54.8;142.8;98.8
54.8;142.2;98.5
54.8;140.6;97.7
54.8;140.8;97.8
54.8;142.0;98.4
54.8;141.2;98.0
54.8;141.8;98.3
54.8;141.6;98.2
54.8;140.8;97.8
54.8;142.0;98.4
54.8;141.0;97.9
54.8;141.4;98.1
54.8;142.2;98.5
54.8;141.0;97.9
54.8;141.2;98.0
54.8;141.0;97.9
54.8;142.0;98.4
54.8;139.4;97.1
54.8;139.8;97.3
54.8;141.4;98.1
54.8;141.6;98.2
54.8;141.0;97.9
54.8;141.2;98.0
54.8;140.4;97.6
54.8;142.2;98.5
54.8;140.6;97.7
54.8;140.8;97.8
54.8;140.8;97.8
54.8;141.4;98.1
54.8;142.4;98.6
54.8;141.8;98.3
54.8;141.6;98.2
54.8;140.6;97.7
54.8;142.2;98.5
54.8;140.6;97.7
54.8;141.6;98.2
54.8;141.4;98.1
54.8;140.6;97.7
54.8;141.0;97.9
54.8;141.2;98.0
54.8;139.4;97.1
54.8;141.6;98.2
54.8;142.4;98.6
54.8;140.4;97.6
54.8;141.4;98.1
54.8;141.2;98.0
54.8;140.4;97.6
54.8;141.6;98.2
54.8;141.0;97.9
54.8;141.8;98.3
54.8;141.8;98.3
54.8;140.0;97.4
54.8;140.2;97.5
54.8;141.4;98.1
54.8;141.6;98.2
54.8;142.2;98.5
54.8;140.4;97.6
54.8;141.0;97.9
54.8;140.2;97.5
54.8;141.4;98.1
54.8;139.6;97.2
54.8;141.0;97.9
54.8;141.6;98.2
54.8;139.6;97.2
54.8;141.4;98.1
54.8;142.2;98.5
54.8;139.8;97.3
54.8;141.0;97.9
54.8;140.4;97.6
54.8;141.8;98.3
54.8;140.2;97.5
54.8;141.2;98.0
54.8;142.6;98.7
54.8;141.6;98.2
54.8;141.0;97.9
54.8;141.8;98.3
54.8;141.0;97.9
54.8;142.8;98.8
54.8;141.6;98.2
54.8;142.0;98.4
54.8;141.8;98.3
54.8;140.6;97.7
54.8;141.0;97.9
54.8;141.4;98.1
54.8;142.4;98.6
54.8;141.4;98.1
54.8;142.0;98.4
54.8;141.4;98.1
54.8;141.4;98.1
54.8;141.6;98.2
54.8;140.2;97.5
54.8;142.0;98.4
54.8;140.6;97.7
54.8;141.8;98.3
54.8;141.0;97.9
54.8;140.6;97.7
54.8;140.4;97.6
54.8;140.4;97.6
54.8;140.2;97.5
54.8;142.2;98.5
54.8;139.2;97.0
54.8;139.8;97.3
54.8;141.0;97.9
54.8;141.6;98.2
54.8;142.4;98.6
54.8;140.8;97.8
54.8;140.6;97.7
54.8;141.8;98.3
54.8;142.4;98.6
54.8;141.8;98.3
54.8;140.0;97.4
54.8;140.8;97.8
54.8;140.6;97.7
54.8;140.8;97.8
54.8;141.8;98.3
