99.0;136.0;117.5
84.0;143.0;113.5
75.0;142.0;108.5
75.0;144.0;109.5
75.0;144.0;109.5
75.0;142.0;108.5
75.0;143.0;109.0
75.0;141.0;108.0
75.0;142.0;108.5
72.0;142.0;107.0
72.0;141.0;106.5
72.0;142.0;107.0
72.0;144.0;108.0
72.0;141.0;106.5
72.0;142.0;107.0
72.0;142.0;107.0
72.0;142.0;107.0
72.0;142.0;107.0
72.0;142.0;107.0
72.0;139.0;105.5
72.0;141.0;106.5
72.0;142.0;107.0
72.0;141.0;106.5
72.0;142.0;107.0
72.0;140.0;106.0
72.0;141.0;106.5
72.0;143.0;107.5
72.0;141.0;106.5
72.0;142.0;107.0
72.0;141.0;106.5
72.0;141.0;106.5
72.0;138.0;105.0
72.0;142.0;107.0
72.0;141.0;106.5
72.0;142.0;107.0
72.0;142.0;107.0
72.0;140.0;106.0
72.0;142.0;107.0
72.0;142.0;107.0
72.0;142.0;107.0
72.0;143.0;107.5
72.0;142.0;107.0
72.0;143.0;107.5
72.0;142.0;107.0
72.0;141.0;106.5
72.0;144.0;108.0
72.0;143.0;107.5
72.0;144.0;108.0
70.0;143.0;106.5
70.0;140.0;105.0
70.0;143.0;106.5
70.0;144.0;107.0
70.0;141.0;105.5
70.0;142.0;106.0
70.0;142.0;106.0
70.0;144.0;107.0
70.0;144.0;107.0
70.0;143.0;106.5
70.0;142.0;106.0
70.0;141.0;105.5
70.0;143.0;106.5
70.0;142.0;106.0
70.0;143.0;106.5
70.0;138.0;104.0
70.0;140.0;105.0
70.0;143.0;106.5
70.0;142.0;106.0
70.0;143.0;106.5
70.0;141.0;105.5
70.0;142.0;106.0
70.0;142.0;106.0
70.0;138.0;104.0
70.0;142.0;106.0
70.0;142.0;106.0
70.0;141.0;105.5
70.0;144.0;107.0
70.0;142.0;106.0
70.0;141.0;105.5
70.0;142.0;106.0
70.0;144.0;107.0
70.0;142.0;106.0
70.0;143.0;106.5
70.0;142.0;106.0
70.0;143.0;106.5
70.0;139.0;104.5
70.0;143.0;106.5
70.0;141.0;105.5
70.0;144.0;107.0
70.0;143.0;106.5
70.0;143.0;106.5
70.0;142.0;106.0
70.0;143.0;106.5
70.0;142.0;106.0
70.0;142.0;106.0
70.0;142.0;106.0
70.0;142.0;106.0
70.0;144.0;107.0
70.0;143.0;106.5
70.0;142.0;106.0
70.0;142.0;106.0
70.0;143.0;106.5
70.0;143.0;106.5
70.0;142.0;106.0
70.0;140.0;105.0
70.0;141.0;105.5
70.0;143.0;106.5
70.0;140.0;105.0
70.0;142.0;106.0
70.0;143.0;106.5
70.0;142.0;106.0
70.0;141.0;105.5
70.0;142.0;106.0
70.0;144.0;107.0
70.0;144.0;107.0
70.0;142.0;106.0
70.0;142.0;106.0
70.0;143.0;106.5
70.0;144.0;107.0
70.0;142.0;106.0
70.0;140.0;105.0
70.0;143.0;106.5
70.0;143.0;106.5
70.0;144.0;107.0
70.0;142.0;106.0
70.0;142.0;106.0
70.0;141.0;105.5
70.0;141.0;105.5
70.0;139.0;104.5
70.0;143.0;106.5
70.0;143.0;106.5
70.0;138.0;104.0
70.0;141.0;105.5
70.0;141.0;105.5
70.0;142.0;106.0
70.0;141.0;105.5
70.0;144.0;107.0
70.0;143.0;106.5
70.0;141.0;105.5
70.0;140.0;105.0
70.0;143.0;106.5
70.0;142.0;106.0
70.0;141.0;105.5
70.0;143.0;106.5
70.0;141.0;105.5
70.0;141.0;105.5
70.0;142.0;106.0
70.0;143.0;106.5
70.0;140.0;105.0
70.0;141.0;105.5
70.0;143.0;106.5
70.0;141.0;105.5
70.0;143.0;106.5
70.0;143.0;106.5
70.0;141.0;105.5
70.0;143.0;106.5
70.0;142.0;106.0
70.0;139.0;104.5
70.0;143.0;106.5
70.0;142.0;106.0
70.0;143.0;106.5
70.0;142.0;106.0
70.0;143.0;106.5
70.0;141.0;105.5
70.0;142.0;106.0
70.0;142.0;106.0
70.0;143.0;106.5
70.0;142.0;106.0
70.0;143.0;106.5
70.0;142.0;106.0
70.0;139.0;104.5
70.0;143.0;106.5
70.0;141.0;105.5
70.0;142.0;106.0
70.0;142.0;106.0
70.0;140.0;105.0
70.0;142.0;106.0
70.0;141.0;105.5
70.0;138.0;104.0
70.0;144.0;107.0
70.0;141.0;105.5
70.0;143.0;106.5
70.0;143.0;106.5
70.0;141.0;105.5
70.0;142.0;106.0
70.0;143.0;106.5
70.0;143.0;106.5
70.0;141.0;105.5
70.0;143.0;106.5
70.0;143.0;106.5
70.0;143.0;106.5
70.0;144.0;107.0
70.0;141.0;105.5
70.0;141.0;105.5
70.0;141.0;105.5
70.0;141.0;105.5
70.0;139.0;104.5
70.0;144.0;107.0
70.0;143.0;106.5
70.0;143.0;106.5
70.0;142.0;106.0
70.0;141.0;105.5
70.0;139.0;104.5
70.0;143.0;106.5
70.0;143.0;106.5
70.0;143.0;106.5
70.0;144.0;107.0
70.0;142.0;106.0
70.0;140.0;105.0
70.0;141.0;105.5
70.0;142.0;106.0
70.0;143.0;106.5
70.0;141.0;105.5
70.0;143.0;106.5
70.0;142.0;106.0
70.0;142.0;106.0
70.0;142.0;106.0
70.0;141.0;105.5
70.0;142.0;106.0
70.0;142.0;106.0
70.0;144.0;107.0
70.0;141.0;105.5
70.0;141.0;105.5
70.0;143.0;106.5
70.0;141.0;105.5
70.0;141.0;105.5
70.0;142.0;106.0
70.0;143.0;106.5
70.0;142.0;106.0
70.0;143.0;106.5
70.0;141.0;105.5
70.0;144.0;107.0
70.0;140.0;105.0
70.0;143.0;106.5
70.0;143.0;106.5
70.0;143.0;106.5
70.0;140.0;105.0
70.0;140.0;105.0
70.0;143.0;106.5
70.0;142.0;106.0
70.0;141.0;105.5
70.0;143.0;106.5
70.0;142.0;106.0
70.0;141.0;105.5
70.0;142.0;106.0
70.0;142.0;106.0
70.0;142.0;106.0
70.0;142.0;106.0
70.0;142.0;106.0
70.0;142.0;106.0
70.0;143.0;106.5
70.0;143.0;106.5
70.0;143.0;106.5
70.0;142.0;106.0
70.0;142.0;106.0
70.0;143.0;106.5
70.0;143.0;106.5
70.0;141.0;105.5
70.0;142.0;106.0
70.0;141.0;105.5
70.0;143.0;106.5
70.0;141.0;105.5
70.0;143.0;106.5
70.0;141.0;105.5
70.0;141.0;105.5
70.0;140.0;105.0
70.0;142.0;106.0
70.0;143.0;106.5
70.0;143.0;106.5
70.0;143.0;106.5
70.0;141.0;105.5
70.0;143.0;106.5
70.0;142.0;106.0
70.0;140.0;105.0
70.0;142.0;106.0
70.0;144.0;107.0
70.0;142.0;106.0
70.0;143.0;106.5
70.0;142.0;106.0
70.0;142.0;106.0
70.0;141.0;105.5
70.0;142.0;106.0
70.0;144.0;107.0
70.0;141.0;105.5
70.0;144.0;107.0
70.0;142.0;106.0
70.0;143.0;106.5
70.0;143.0;106.5
70.0;143.0;106.5
70.0;142.0;106.0
70.0;140.0;105.0
70.0;138.0;104.0
70.0;143.0;106.5
70.0;142.0;106.0
70.0;142.0;106.0
70.0;142.0;106.0
70.0;142.0;106.0
70.0;141.0;105.5
70.0;142.0;106.0
70.0;142.0;106.0
70.0;142.0;106.0
70.0;144.0;107.0
70.0;143.0;106.5
70.0;142.0;106.0
70.0;144.0;107.0
70.0;141.0;105.5
70.0;142.0;106.0
70.0;142.0;106.0
70.0;143.0;106.5
70.0;141.0;105.5
70.0;141.0;105.5
70.0;142.0;106.0
70.0;139.0;104.5
70.0;139.0;104.5
70.0;143.0;106.5
70.0;142.0;106.0
70.0;143.0;106.5
70.0;142.0;106.0
70.0;143.0;106.5
70.0;144.0;107.0
70.0;141.0;105.5
70.0;142.0;106.0
70.0;143.0;106.5
70.0;143.0;106.5
70.0;141.0;105.5
70.0;141.0;105.5
70.0;143.0;106.5
70.0;141.0;105.5
70.0;144.0;107.0
70.0;142.0;106.0
70.0;141.0;105.5
70.0;142.0;106.0
70.0;142.0;106.0
70.0;143.0;106.5
70.0;141.0;105.5
70.0;144.0;107.0
70.0;141.0;105.5
70.0;140.0;105.0
70.0;142.0;106.0
70.0;144.0;107.0
70.0;141.0;105.5
70.0;139.0;104.5
70.0;141.0;105.5
70.0;143.0;106.5
70.0;143.0;106.5
70.0;143.0;106.5
70.0;142.0;106.0
70.0;142.0;106.0
70.0;141.0;105.5
70.0;143.0;106.5
70.0;142.0;106.0
70.0;144.0;107.0
70.0;144.0;107.0
70.0;140.0;105.0
70.0;144.0;107.0
70.0;143.0;106.5
70.0;142.0;106.0
70.0;140.0;105.0
70.0;142.0;106.0
70.0;144.0;107.0
70.0;139.0;104.5
70.0;141.0;105.5
70.0;142.0;106.0
70.0;144.0;107.0
70.0;143.0;106.5
70.0;144.0;107.0
70.0;142.0;106.0
70.0;142.0;106.0
70.0;141.0;105.5
70.0;143.0;106.5
70.0;143.0;106.5
70.0;142.0;106.0
70.0;139.0;104.5
70.0;144.0;107.0
70.0;140.0;105.0
70.0;142.0;106.0
70.0;141.0;105.5
70.0;144.0;107.0
70.0;141.0;105.5
70.0;142.0;106.0
70.0;142.0;106.0
70.0;143.0;106.5
70.0;140.0;105.0
70.0;141.0;105.5
70.0;141.0;105.5
70.0;143.0;106.5
70.0;142.0;106.0
70.0;141.0;105.5
70.0;141.0;105.5
70.0;141.0;105.5
70.0;142.0;106.0
70.0;142.0;106.0
70.0;142.0;106.0
70.0;143.0;106.5
70.0;141.0;105.5
70.0;144.0;107.0
70.0;143.0;106.5
70.0;143.0;106.5
70.0;142.0;106.0
70.0;142.0;106.0
70.0;142.0;106.0
70.0;143.0;106.5
70.0;141.0;105.5
70.0;142.0;106.0
70.0;142.0;106.0
70.0;142.0;106.0
70.0;142.0;106.0
70.0;142.0;106.0
70.0;142.0;106.0
70.0;139.0;104.5
70.0;143.0;106.5
70.0;142.0;106.0
70.0;142.0;106.0
70.0;143.0;106.5
70.0;142.0;106.0
70.0;144.0;107.0
70.0;142.0;106.0
70.0;142.0;106.0
70.0;143.0;106.5
70.0;142.0;106.0
70.0;139.0;104.5
70.0;142.0;106.0
70.0;142.0;106.0
70.0;142.0;106.0
70.0;142.0;106.0
70.0;142.0;106.0
70.0;142.0;106.0
70.0;140.0;105.0
70.0;142.0;106.0
70.0;143.0;106.5
70.0;142.0;106.0
70.0;143.0;106.5
70.0;141.0;105.5
70.0;143.0;106.5
70.0;143.0;106.5
70.0;143.0;106.5
70.0;144.0;107.0
70.0;142.0;106.0
70.0;142.0;106.0
70.0;142.0;106.0
70.0;143.0;106.5
70.0;142.0;106.0
70.0;142.0;106.0
70.0;143.0;106.5
70.0;144.0;107.0
70.0;143.0;106.5
70.0;140.0;105.0
70.0;140.0;105.0
70.0;142.0;106.0
70.0;142.0;106.0
70.0;143.0;106.5
70.0;141.0;105.5
70.0;142.0;106.0
70.0;143.0;106.5
70.0;142.0;106.0
70.0;142.0;106.0
70.0;138.0;104.0
70.0;143.0;106.5
70.0;143.0;106.5
70.0;143.0;106.5
70.0;142.0;106.0
70.0;143.0;106.5
70.0;143.0;106.5
70.0;143.0;106.5
70.0;142.0;106.0
70.0;141.0;105.5
70.0;142.0;106.0
70.0;142.0;106.0
70.0;143.0;106.5
70.0;144.0;107.0
70.0;142.0;106.0
70.0;144.0;107.0
70.0;142.0;106.0
70.0;144.0;107.0
70.0;142.0;106.0
70.0;144.0;107.0
70.0;142.0;106.0
70.0;142.0;106.0
70.0;141.0;105.5
70.0;142.0;106.0
70.0;143.0;106.5
70.0;142.0;106.0
70.0;142.0;106.0
70.0;143.0;106.5
70.0;141.0;105.5
70.0;143.0;106.5
70.0;141.0;105.5
70.0;144.0;107.0
70.0;140.0;105.0
70.0;143.0;106.5
70.0;142.0;106.0
70.0;143.0;106.5
70.0;142.0;106.0
70.0;142.0;106.0
70.0;144.0;107.0
70.0;142.0;106.0
70.0;141.0;105.5
70.0;143.0;106.5
70.0;140.0;105.0
70.0;142.0;106.0
70.0;142.0;106.0
70.0;139.0;104.5
70.0;142.0;106.0
70.0;142.0;106.0
70.0;143.0;106.5
70.0;141.0;105.5
70.0;144.0;107.0
70.0;142.0;106.0
70.0;143.0;106.5
70.0;142.0;106.0
70.0;142.0;106.0
70.0;143.0;106.5
70.0;143.0;106.5
70.0;143.0;106.5
70.0;141.0;105.5
70.0;140.0;105.0
70.0;142.0;106.0
70.0;144.0;107.0
70.0;143.0;106.5
70.0;142.0;106.0
70.0;141.0;105.5
70.0;144.0;107.0
70.0;142.0;106.0
70.0;142.0;106.0
70.0;142.0;106.0
70.0;144.0;107.0
70.0;142.0;106.0
70.0;142.0;106.0
70.0;139.0;104.5
70.0;141.0;105.5
70.0;144.0;107.0
70.0;142.0;106.0
70.0;143.0;106.5
70.0;143.0;106.5
70.0;144.0;107.0
70.0;142.0;106.0
70.0;142.0;106.0
70.0;143.0;106.5
70.0;140.0;105.0
70.0;144.0;107.0
70.0;141.0;105.5
70.0;140.0;105.0
70.0;142.0;106.0
70.0;138.0;104.0
70.0;142.0;106.0
70.0;144.0;107.0
70.0;143.0;106.5
70.0;142.0;106.0
70.0;141.0;105.5
70.0;143.0;106.5
70.0;139.0;104.5
70.0;144.0;107.0
70.0;141.0;105.5
70.0;141.0;105.5
70.0;142.0;106.0
70.0;141.0;105.5
70.0;140.0;105.0
70.0;140.0;105.0
70.0;143.0;106.5
70.0;142.0;106.0
70.0;142.0;106.0
70.0;139.0;104.5
70.0;143.0;106.5
70.0;142.0;106.0
70.0;143.0;106.5
70.0;141.0;105.5
70.0;141.0;105.5
70.0;144.0;107.0
70.0;140.0;105.0
70.0;140.0;105.0
70.0;142.0;106.0
70.0;143.0;106.5
70.0;142.0;106.0
70.0;143.0;106.5
70.0;142.0;106.0
70.0;142.0;106.0
70.0;142.0;106.0
70.0;142.0;106.0
70.0;143.0;106.5
70.0;138.0;104.0
70.0;142.0;106.0
70.0;142.0;106.0
70.0;142.0;106.0
70.0;138.0;104.0
70.0;142.0;106.0
70.0;142.0;106.0
70.0;143.0;106.5
70.0;140.0;105.0
70.0;139.0;104.5
70.0;144.0;107.0
70.0;142.0;106.0
70.0;142.0;106.0
70.0;143.0;106.5
70.0;142.0;106.0
70.0;142.0;106.0
70.0;141.0;105.5
70.0;143.0;106.5
70.0;139.0;104.5
70.0;141.0;105.5
70.0;144.0;107.0
70.0;142.0;106.0
70.0;143.0;106.5
70.0;144.0;107.0
70.0;142.0;106.0
70.0;142.0;106.0
70.0;144.0;107.0
70.0;140.0;105.0
68.0;143.0;105.5
68.0;142.0;105.0
68.0;143.0;105.5
68.0;141.0;104.5
68.0;143.0;105.5
68.0;143.0;105.5
68.0;141.0;104.5
68.0;141.0;104.5
68.0;142.0;105.0
68.0;141.0;104.5
68.0;143.0;105.5
68.0;142.0;105.0
68.0;142.0;105.0
68.0;142.0;105.0
68.0;143.0;105.5
68.0;143.0;105.5
68.0;143.0;105.5
68.0;142.0;105.0
68.0;142.0;105.0
68.0;143.0;105.5
68.0;143.0;105.5
68.0;141.0;104.5
68.0;142.0;105.0
68.0;143.0;105.5
68.0;143.0;105.5
68.0;139.0;103.5
68.0;142.0;105.0
68.0;142.0;105.0
68.0;141.0;104.5
68.0;143.0;105.5
68.0;143.0;105.5
68.0;142.0;105.0
68.0;144.0;106.0
68.0;143.0;105.5
68.0;141.0;104.5
68.0;142.0;105.0
68.0;142.0;105.0
68.0;142.0;105.0
68.0;141.0;104.5
68.0;142.0;105.0
68.0;140.0;104.0
68.0;141.0;104.5
68.0;143.0;105.5
68.0;142.0;105.0
68.0;142.0;105.0
68.0;142.0;105.0
68.0;143.0;105.5
68.0;141.0;104.5
68.0;142.0;105.0
68.0;143.0;105.5
68.0;142.0;105.0
68.0;143.0;105.5
68.0;143.0;105.5
68.0;142.0;105.0
68.0;141.0;104.5
68.0;141.0;104.5
68.0;143.0;105.5
68.0;143.0;105.5
68.0;143.0;105.5
68.0;143.0;105.5
68.0;143.0;105.5
68.0;142.0;105.0
68.0;142.0;105.0
68.0;143.0;105.5
68.0;143.0;105.5
68.0;142.0;105.0
68.0;141.0;104.5
68.0;144.0;106.0
68.0;141.0;104.5
68.0;144.0;106.0
68.0;143.0;105.5
68.0;143.0;105.5
68.0;144.0;106.0
68.0;140.0;104.0
68.0;143.0;105.5
68.0;143.0;105.5
68.0;140.0;104.0
68.0;139.0;103.5
68.0;142.0;105.0
68.0;142.0;105.0
68.0;143.0;105.5
68.0;143.0;105.5
68.0;144.0;106.0
68.0;142.0;105.0
68.0;144.0;106.0
68.0;142.0;105.0
68.0;143.0;105.5
68.0;142.0;105.0
68.0;140.0;104.0
68.0;143.0;105.5
68.0;141.0;104.5
68.0;142.0;105.0
68.0;141.0;104.5
68.0;142.0;105.0
68.0;142.0;105.0
68.0;143.0;105.5
68.0;142.0;105.0
68.0;143.0;105.5
68.0;140.0;104.0
68.0;141.0;104.5
68.0;142.0;105.0
68.0;142.0;105.0
68.0;142.0;105.0
68.0;142.0;105.0
68.0;144.0;106.0
68.0;143.0;105.5
68.0;140.0;104.0
68.0;143.0;105.5
68.0;143.0;105.5
68.0;142.0;105.0
68.0;141.0;104.5
68.0;142.0;105.0
68.0;138.0;103.0
68.0;142.0;105.0
68.0;143.0;105.5
68.0;142.0;105.0
68.0;142.0;105.0
68.0;141.0;104.5
68.0;140.0;104.0
68.0;143.0;105.5
68.0;143.0;105.5
68.0;143.0;105.5
68.0;141.0;104.5
68.0;143.0;105.5
68.0;143.0;105.5
68.0;141.0;104.5
68.0;142.0;105.0
68.0;141.0;104.5
68.0;144.0;106.0
68.0;144.0;106.0
68.0;142.0;105.0
68.0;144.0;106.0
68.0;142.0;105.0
68.0;142.0;105.0
68.0;143.0;105.5
68.0;142.0;105.0
68.0;143.0;105.5
68.0;144.0;106.0
68.0;143.0;105.5
68.0;142.0;105.0
68.0;143.0;105.5
68.0;141.0;104.5
68.0;143.0;105.5
68.0;142.0;105.0
68.0;143.0;105.5
68.0;141.0;104.5
68.0;142.0;105.0
68.0;142.0;105.0
68.0;142.0;105.0
68.0;141.0;104.5
68.0;141.0;104.5
68.0;142.0;105.0
68.0;143.0;105.5
68.0;143.0;105.5
68.0;141.0;104.5
68.0;140.0;104.0
68.0;142.0;105.0
68.0;144.0;106.0
68.0;143.0;105.5
68.0;141.0;104.5
68.0;141.0;104.5
68.0;142.0;105.0
68.0;142.0;105.0
68.0;141.0;104.5
68.0;144.0;106.0
68.0;143.0;105.5
68.0;142.0;105.0
68.0;142.0;105.0
68.0;142.0;105.0
68.0;143.0;105.5
68.0;143.0;105.5
68.0;143.0;105.5
68.0;143.0;105.5
68.0;142.0;105.0
68.0;140.0;104.0
68.0;141.0;104.5
68.0;143.0;105.5
68.0;141.0;104.5
68.0;141.0;104.5
68.0;141.0;104.5
68.0;142.0;105.0
68.0;143.0;105.5
68.0;142.0;105.0
68.0;143.0;105.5
68.0;142.0;105.0
68.0;141.0;104.5
68.0;143.0;105.5
68.0;144.0;106.0
68.0;142.0;105.0
68.0;144.0;106.0
68.0;142.0;105.0
68.0;141.0;104.5
68.0;142.0;105.0
68.0;142.0;105.0
68.0;141.0;104.5
68.0;143.0;105.5
68.0;144.0;106.0
68.0;144.0;106.0
68.0;142.0;105.0
68.0;144.0;106.0
68.0;143.0;105.5
68.0;141.0;104.5
68.0;143.0;105.5
68.0;142.0;105.0
68.0;142.0;105.0
68.0;141.0;104.5
68.0;141.0;104.5
68.0;142.0;105.0
68.0;140.0;104.0
68.0;139.0;103.5
68.0;144.0;106.0
68.0;144.0;106.0
68.0;141.0;104.5
68.0;141.0;104.5
68.0;142.0;105.0
68.0;143.0;105.5
68.0;142.0;105.0
68.0;143.0;105.5
68.0;142.0;105.0
68.0;142.0;105.0
68.0;142.0;105.0
68.0;142.0;105.0
68.0;143.0;105.5
68.0;143.0;105.5
68.0;143.0;105.5
68.0;141.0;104.5
68.0;142.0;105.0
68.0;142.0;105.0
68.0;142.0;105.0
68.0;142.0;105.0
68.0;142.0;105.0
68.0;141.0;104.5
68.0;143.0;105.5
68.0;143.0;105.5
68.0;143.0;105.5
68.0;143.0;105.5
68.0;142.0;105.0
68.0;141.0;104.5
68.0;143.0;105.5
68.0;142.0;105.0
68.0;142.0;105.0
68.0;142.0;105.0
68.0;143.0;105.5
68.0;143.0;105.5
68.0;142.0;105.0
68.0;143.0;105.5
68.0;142.0;105.0
68.0;142.0;105.0
68.0;142.0;105.0
68.0;142.0;105.0
68.0;142.0;105.0
68.0;144.0;106.0
68.0;143.0;105.5
68.0;142.0;105.0
68.0;142.0;105.0
68.0;143.0;105.5
68.0;142.0;105.0
68.0;142.0;105.0
68.0;142.0;105.0
68.0;141.0;104.5
68.0;141.0;104.5
68.0;142.0;105.0
68.0;144.0;106.0
68.0;139.0;103.5
68.0;143.0;105.5
68.0;142.0;105.0
68.0;141.0;104.5
68.0;138.0;103.0
68.0;142.0;105.0
68.0;143.0;105.5
68.0;142.0;105.0
68.0;143.0;105.5
68.0;143.0;105.5
68.0;143.0;105.5
68.0;144.0;106.0
68.0;142.0;105.0
68.0;142.0;105.0
68.0;143.0;105.5
68.0;143.0;105.5
68.0;144.0;106.0
68.0;143.0;105.5
68.0;144.0;106.0
68.0;141.0;104.5
68.0;139.0;103.5
68.0;141.0;104.5
68.0;143.0;105.5
68.0;142.0;105.0
68.0;141.0;104.5
68.0;143.0;105.5
68.0;141.0;104.5
68.0;141.0;104.5
68.0;143.0;105.5
68.0;141.0;104.5
68.0;138.0;103.0
68.0;142.0;105.0
68.0;141.0;104.5
68.0;140.0;104.0
68.0;144.0;106.0
68.0;141.0;104.5
68.0;144.0;106.0
68.0;143.0;105.5
68.0;144.0;106.0
68.0;141.0;104.5
68.0;142.0;105.0
68.0;141.0;104.5
68.0;141.0;104.5
68.0;142.0;105.0
68.0;142.0;105.0
68.0;143.0;105.5
68.0;142.0;105.0
68.0;142.0;105.0
68.0;141.0;104.5
68.0;143.0;105.5
68.0;143.0;105.5
68.0;140.0;104.0
68.0;144.0;106.0
68.0;143.0;105.5
68.0;142.0;105.0
68.0;141.0;104.5
68.0;140.0;104.0
68.0;143.0;105.5
68.0;143.0;105.5
68.0;143.0;105.5
68.0;143.0;105.5
68.0;141.0;104.5
68.0;141.0;104.5
68.0;141.0;104.5
68.0;143.0;105.5
68.0;143.0;105.5
68.0;140.0;104.0
68.0;143.0;105.5
68.0;139.0;103.5
68.0;142.0;105.0
68.0;144.0;106.0
68.0;140.0;104.0
68.0;142.0;105.0
68.0;141.0;104.5
68.0;142.0;105.0
68.0;142.0;105.0
68.0;141.0;104.5
68.0;140.0;104.0
68.0;141.0;104.5
68.0;141.0;104.5
68.0;142.0;105.0
68.0;141.0;104.5
68.0;141.0;104.5
68.0;143.0;105.5
68.0;140.0;104.0
68.0;143.0;105.5
68.0;143.0;105.5
68.0;141.0;104.5
68.0;142.0;105.0
68.0;143.0;105.5
68.0;142.0;105.0
68.0;143.0;105.5
68.0;141.0;104.5
68.0;143.0;105.5
68.0;141.0;104.5
68.0;142.0;105.0
68.0;143.0;105.5
68.0;144.0;106.0
68.0;144.0;106.0
68.0;143.0;105.5
68.0;143.0;105.5
68.0;142.0;105.0
68.0;139.0;103.5
68.0;140.0;104.0
68.0;143.0;105.5
68.0;143.0;105.5
68.0;143.0;105.5
68.0;144.0;106.0
68.0;143.0;105.5
68.0;141.0;104.5
68.0;140.0;104.0
68.0;144.0;106.0
68.0;140.0;104.0
68.0;142.0;105.0
68.0;141.0;104.5
68.0;143.0;105.5
68.0;142.0;105.0
68.0;137.0;102.5
68.0;143.0;105.5
68.0;143.0;105.5
68.0;142.0;105.0
68.0;143.0;105.5
68.0;142.0;105.0
68.0;141.0;104.5
68.0;142.0;105.0
68.0;140.0;104.0
68.0;142.0;105.0
68.0;140.0;104.0
68.0;143.0;105.5
68.0;143.0;105.5
68.0;143.0;105.5
