99.0;136.0;117.5
90.4;142.2;116.3
84.6;141.6;113.1
83.4;142.4;112.9
83.4;143.2;113.3
82.2;142.8;112.5
79.8;142.0;110.9
79.8;142.6;111.2
79.8;141.4;110.6
76.8;142.4;109.6
76.0;141.8;108.9
76.0;141.8;108.9
75.2;141.8;108.5
75.2;141.8;108.5
75.2;142.0;108.6
75.2;142.6;108.9
75.0;142.0;108.5
72.6;141.8;107.2
72.6;142.4;107.5
72.6;142.0;107.3
72.6;142.0;107.3
72.6;141.0;106.8
72.6;142.2;107.4
72.6;141.6;107.1
72.2;141.6;106.9
72.2;142.0;107.1
72.2;142.0;107.1
72.2;141.4;106.8
72.2;141.8;107.0
72.2;141.4;106.8
72.2;141.8;107.0
72.2;141.0;106.6
72.2;142.0;107.1
72.2;142.2;107.2
72.2;141.8;107.0
72.2;141.2;106.7
72.2;141.6;106.9
72.2;141.6;106.9
72.2;141.8;107.0
72.2;141.8;107.0
72.2;141.8;107.0
72.2;142.0;107.1
72.2;142.6;107.4
72.2;142.4;107.3
72.2;141.8;107.0
72.2;142.4;107.3
72.2;142.4;107.3
72.2;142.4;107.3
71.8;142.2;107.0
71.8;141.6;106.7
71.8;142.4;107.1
71.8;141.8;106.8
71.8;141.8;106.8
71.8;142.2;107.0
71.8;142.2;107.0
71.6;142.4;107.0
71.6;142.4;107.0
71.6;142.4;107.0
71.6;142.4;107.0
71.6;142.0;106.8
71.6;141.6;106.6
71.6;142.0;106.8
71.6;141.2;106.4
71.6;141.6;106.6
71.6;141.2;106.4
71.6;142.2;106.9
71.4;141.8;106.6
71.4;143.4;107.4
71.4;141.6;106.5
71.4;142.6;107.0
71.4;142.6;107.0
71.2;141.4;106.3
71.2;142.4;106.8
71.2;143.0;107.1
71.2;141.4;106.3
71.2;142.6;106.9
71.2;141.8;106.5
71.2;141.8;106.5
71.2;141.2;106.2
71.2;142.6;106.9
71.2;141.6;106.4
71.2;142.4;106.8
71.2;142.2;106.7
71.2;141.6;106.4
71.2;140.6;105.9
71.2;142.6;106.9
71.2;140.6;105.9
71.2;142.4;106.8
71.2;141.8;106.5
71.2;142.2;106.7
71.2;142.6;106.9
71.2;143.0;107.1
71.2;141.8;106.5
71.2;142.4;106.8
71.2;142.2;106.7
71.2;142.0;106.6
71.2;142.4;106.8
71.2;141.6;106.4
71.2;142.4;106.8
71.2;141.4;106.3
71.2;141.6;106.4
71.2;142.2;106.7
71.2;142.6;106.9
71.2;142.0;106.6
71.2;142.2;106.7
71.2;142.0;106.6
71.2;142.0;106.6
71.2;142.2;106.7
71.2;142.2;106.7
71.2;142.4;106.8
71.2;141.4;106.3
71.2;142.6;106.9
71.2;142.0;106.6
71.2;142.6;106.9
71.2;141.6;106.4
71.2;142.4;106.8
71.2;142.6;106.9
71.2;142.2;106.7
71.2;142.0;106.6
71.2;142.2;106.7
71.2;143.0;107.1
71.2;143.0;107.1
71.2;142.0;106.6
71.2;143.0;107.1
71.2;142.4;106.8
71.2;142.6;106.9
71.2;143.2;107.2
71.2;141.8;106.5
70.4;142.8;106.6
70.4;142.4;106.4
70.4;142.0;106.2
70.4;142.0;106.2
70.2;141.8;106.0
70.2;142.4;106.3
70.2;141.4;105.8
70.2;142.4;106.3
70.2;142.8;106.5
70.2;141.0;105.6
65.6;141.4;103.5
65.6;141.6;103.6
65.6;141.8;103.7
65.6;141.4;103.5
65.6;142.2;103.9
65.6;142.0;103.8
65.6;142.2;103.9
65.6;141.8;103.7
65.6;142.2;103.9
65.6;141.4;103.5
65.6;141.6;103.6
65.6;142.4;104.0
65.6;141.4;103.5
65.6;142.4;104.0
65.6;141.8;103.7
65.6;141.8;103.7
65.6;142.6;104.1
65.6;142.6;104.1
65.6;141.0;103.3
65.6;142.6;104.1
65.6;142.4;104.0
65.6;142.2;103.9
65.6;142.0;103.8
65.6;142.0;103.8
65.6;141.8;103.7
65.6;141.4;103.5
65.6;142.0;103.8
65.6;142.4;104.0
65.6;142.4;104.0
65.6;142.6;104.1
65.6;142.2;103.9
65.6;141.0;103.3
65.6;143.2;104.4
65.6;141.4;103.5
65.6;142.4;104.0
65.6;142.4;104.0
65.6;141.4;103.5
65.6;142.6;104.1
65.6;142.0;103.8
65.6;141.8;103.7
65.6;142.2;103.9
65.6;142.6;104.1
65.6;141.4;103.5
65.6;142.6;104.1
65.6;141.2;103.4
65.6;141.4;103.5
65.6;142.6;104.1
65.6;142.6;104.1
65.6;142.4;104.0
65.6;143.0;104.3
65.6;142.8;104.2
65.6;141.4;103.5
65.6;142.0;103.8
65.6;141.4;103.5
65.6;142.6;104.1
65.6;142.2;103.9
65.6;142.2;103.9
65.6;141.8;103.7
65.6;142.6;104.1
65.6;142.4;104.0
65.6;142.4;104.0
65.6;142.8;104.2
65.6;141.8;103.7
65.6;141.8;103.7
65.6;142.2;103.9
65.6;142.8;104.2
65.6;141.6;103.6
65.6;142.6;104.1
65.6;141.8;103.7
65.6;140.6;103.1
65.6;141.0;103.3
65.6;141.2;103.4
65.6;142.0;103.8
65.6;142.4;104.0
65.6;143.0;104.3
65.6;142.8;104.2
65.6;142.2;103.9
65.6;141.6;103.6
65.6;142.0;103.8
65.6;142.0;103.8
65.6;141.2;103.4
65.6;142.8;104.2
65.6;142.0;103.8
65.6;142.4;104.0
65.6;141.8;103.7
65.6;142.2;103.9
65.6;142.6;104.1
65.6;142.8;104.2
65.6;141.8;103.7
65.6;141.6;103.6
65.6;142.4;104.0
65.6;141.6;103.6
65.6;142.0;103.8
65.6;142.2;103.9
65.6;142.2;103.9
65.6;142.8;104.2
65.6;142.4;104.0
65.6;141.4;103.5
65.6;142.0;103.8
65.6;142.0;103.8
65.6;142.6;104.1
65.6;142.2;103.9
65.6;142.4;104.0
65.6;142.2;103.9
65.2;141.0;103.1
65.2;142.2;103.7
65.2;141.8;103.5
65.2;141.6;103.4
65.2;142.4;103.8
65.2;142.6;103.9
65.2;142.6;103.9
64.6;142.2;103.4
64.6;142.0;103.3
64.6;143.0;103.8
64.6;141.6;103.1
64.6;141.8;103.2
64.6;142.4;103.5
64.6;143.0;103.8
64.6;141.4;103.0
64.6;142.0;103.3
64.6;142.0;103.3
64.6;142.8;103.7
64.6;141.8;103.2
64.6;142.4;103.5
64.6;142.4;103.5
64.6;141.6;103.1
64.6;140.8;102.7
64.6;142.6;103.6
64.6;143.0;103.8
64.6;141.8;103.2
64.6;142.6;103.6
64.6;141.8;103.2
64.6;141.6;103.1
64.6;142.4;103.5
64.6;141.4;103.0
64.6;141.6;103.1
64.6;142.4;103.5
64.6;141.6;103.1
64.6;142.6;103.6
64.6;142.4;103.5
64.6;142.4;103.5
64.6;142.0;103.3
64.6;141.6;103.1
64.6;143.0;103.8
64.6;141.6;103.1
64.6;142.2;103.4
64.6;142.0;103.3
64.6;141.2;102.9
64.6;142.2;103.4
64.6;142.2;103.4
64.6;142.0;103.3
64.6;142.0;103.3
64.6;141.2;102.9
64.6;141.6;103.1
64.6;141.6;103.1
64.6;142.4;103.5
64.6;141.6;103.1
64.6;142.4;103.5
64.6;142.2;103.4
64.6;142.2;103.4
64.6;142.0;103.3
64.6;142.0;103.3
64.6;141.8;103.2
64.6;142.6;103.6
64.6;141.2;102.9
64.6;143.0;103.8
64.6;142.4;103.5
64.6;142.4;103.5
64.6;141.4;103.0
64.6;142.6;103.6
64.6;141.2;102.9
64.4;142.2;103.3
64.4;141.8;103.1
64.4;141.4;102.9
64.4;141.4;102.9
64.4;142.4;103.4
64.4;141.6;103.0
64.4;142.6;103.5
64.4;142.6;103.5
64.4;142.8;103.6
64.4;142.2;103.3
64.4;142.6;103.5
64.4;142.0;103.2
64.4;142.4;103.4
64.4;142.4;103.4
64.4;141.4;102.9
64.4;141.6;103.0
64.4;142.8;103.6
64.4;142.2;103.3
64.4;143.2;103.8
64.4;142.6;103.5
64.4;142.0;103.2
64.4;142.4;103.4
64.4;142.4;103.4
64.4;142.8;103.6
64.4;142.0;103.2
64.4;142.4;103.4
64.4;142.0;103.2
64.4;142.0;103.2
64.4;141.8;103.1
64.4;142.2;103.3
64.4;143.2;103.8
64.4;140.8;102.6
64.4;142.2;103.3
64.4;142.6;103.5
64.4;142.8;103.6
64.4;142.2;103.3
64.4;142.2;103.3
64.4;142.0;103.2
64.4;141.2;102.8
64.4;143.0;103.7
64.4;142.8;103.6
64.4;143.2;103.8
64.4;142.0;103.2
64.4;142.8;103.6
64.4;142.6;103.5
64.4;142.6;103.5
64.4;142.2;103.3
64.4;142.6;103.5
64.4;142.4;103.4
64.4;142.6;103.5
64.4;141.4;102.9
64.4;142.6;103.5
64.4;142.2;103.3
64.4;142.4;103.4
64.4;142.2;103.3
64.4;142.4;103.4
64.4;142.4;103.4
64.4;141.4;102.9
64.4;141.2;102.8
64.4;141.0;102.7
64.4;143.2;103.8
64.4;142.0;103.2
64.4;141.2;102.8
64.4;141.6;103.0
64.4;141.6;103.0
64.4;142.4;103.4
64.4;141.8;103.1
64.4;142.4;103.4
64.4;142.0;103.2
64.4;142.4;103.4
64.4;142.8;103.6
64.4;142.6;103.5
64.4;141.8;103.1
64.4;142.2;103.3
64.4;141.4;102.9
64.4;142.8;103.6
64.4;141.6;103.0
64.4;142.2;103.3
64.4;141.6;103.0
64.4;141.6;103.0
64.4;142.4;103.4
64.4;142.6;103.5
64.4;141.6;103.0
64.4;142.2;103.3
64.4;142.4;103.4
64.4;142.8;103.6
64.4;142.6;103.5
64.4;141.8;103.1
64.4;141.2;102.8
64.4;142.6;103.5
64.4;142.2;103.3
64.4;141.4;102.9
64.4;142.0;103.2
64.4;141.8;103.1
64.4;142.0;103.2
64.4;141.6;103.0
64.4;141.8;103.1
64.4;142.2;103.3
64.4;142.4;103.4
64.4;141.0;102.7
64.4;143.0;103.7
64.4;142.8;103.6
64.4;142.2;103.3
64.4;142.4;103.4
64.4;142.6;103.5
64.4;142.8;103.6
64.4;142.0;103.2
64.4;141.8;103.1
64.4;141.4;102.9
64.4;141.8;103.1
64.4;142.0;103.2
64.4;143.0;103.7
64.4;142.0;103.2
64.4;141.6;103.0
64.4;141.8;103.1
64.4;141.4;102.9
64.4;142.6;103.5
64.4;141.8;103.1
64.4;142.0;103.2
64.4;142.0;103.2
64.4;142.4;103.4
64.4;142.8;103.6
64.4;142.6;103.5
64.4;142.6;103.5
64.4;142.8;103.6
64.4;142.6;103.5
64.4;141.8;103.1
64.4;141.4;102.9
64.4;142.0;103.2
64.4;142.4;103.4
64.4;142.4;103.4
64.4;142.4;103.4
64.4;142.2;103.3
64.4;142.8;103.6
64.4;143.2;103.8
64.4;142.4;103.4
64.4;141.6;103.0
64.4;141.8;103.1
64.4;141.8;103.1
64.4;141.8;103.1
64.4;142.0;103.2
64.4;142.4;103.4
64.4;141.4;102.9
64.4;141.6;103.0
64.4;142.0;103.2
64.4;142.4;103.4
64.4;140.8;102.6
64.4;143.2;103.8
64.4;142.0;103.2
64.4;141.6;103.0
64.4;142.0;103.2
64.4;142.6;103.5
64.4;142.6;103.5
64.4;142.8;103.6
64.4;142.2;103.3
64.4;142.0;103.2
64.4;141.8;103.1
64.4;141.8;103.1
64.4;143.0;103.7
64.4;142.4;103.4
64.4;142.6;103.5
64.4;142.2;103.3
64.4;143.0;103.7
64.4;142.4;103.4
64.4;141.6;103.0
64.4;142.4;103.4
64.4;142.6;103.5
64.4;142.0;103.2
64.4;141.6;103.0
64.4;141.6;103.0
64.4;141.8;103.1
64.4;142.2;103.3
64.4;142.0;103.2
64.4;142.4;103.4
64.4;142.2;103.3
64.4;142.8;103.6
64.4;141.8;103.1
64.4;142.2;103.3
64.4;140.8;102.6
64.4;142.6;103.5
64.4;142.2;103.3
64.4;141.8;103.1
64.4;142.0;103.2
64.4;142.4;103.4
64.4;142.0;103.2
64.4;141.4;102.9
64.4;142.2;103.3
64.4;141.6;103.0
64.4;140.0;102.2
64.4;142.2;103.3
64.4;142.4;103.4
64.4;141.4;102.9
64.4;142.0;103.2
64.4;142.2;103.3
64.4;142.2;103.3
64.4;142.0;103.2
64.4;142.6;103.5
64.4;141.6;103.0
64.4;141.2;102.8
63.4;142.4;102.9
63.4;141.6;102.5
63.4;142.6;103.0
63.4;142.2;102.8
63.4;142.4;102.9
63.4;141.4;102.4
63.4;141.4;102.4
63.4;141.8;102.6
63.4;142.6;103.0
63.4;142.6;103.0
63.4;141.6;102.5
63.4;142.2;102.8
63.4;142.6;103.0
63.4;141.8;102.6
63.4;142.2;102.8
63.4;142.6;103.0
63.4;142.4;102.9
63.4;142.0;102.7
63.4;142.2;102.8
63.4;141.2;102.3
63.4;141.6;102.5
63.4;142.6;103.0
63.0;141.0;102.0
63.0;142.2;102.6
63.0;142.0;102.5
63.0;142.6;102.8
63.0;142.4;102.7
63.0;142.0;102.5
63.0;142.6;102.8
63.0;140.8;101.9
63.0;141.8;102.4
63.0;141.4;102.2
63.0;141.8;102.4
63.0;141.2;102.1
63.0;141.8;102.4
63.0;141.8;102.4
63.0;142.4;102.7
63.0;141.2;102.1
63.0;141.4;102.2
63.0;141.8;102.4
63.0;142.6;102.8
63.0;140.8;101.9
63.0;142.4;102.7
63.0;142.2;102.6
63.0;141.8;102.4
63.0;142.6;102.8
63.0;141.2;102.1
63.0;141.6;102.3
63.0;142.0;102.5
63.0;142.2;102.6
63.0;141.8;102.4
63.0;142.0;102.5
63.0;141.2;102.1
63.0;142.4;102.7
63.0;141.6;102.3
63.0;141.6;102.3
63.0;142.0;102.5
63.0;142.0;102.5
63.0;142.4;102.7
63.0;141.2;102.1
63.0;141.2;102.1
63.0;142.4;102.7
63.0;142.4;102.7
63.0;142.2;102.6
63.0;143.0;103.0
63.0;142.6;102.8
63.0;142.4;102.7
63.0;142.0;102.5
63.0;142.4;102.7
63.0;141.8;102.4
63.0;141.6;102.3
63.0;141.6;102.3
63.0;142.2;102.6
63.0;142.0;102.5
63.0;141.2;102.1
63.0;142.2;102.6
63.0;141.8;102.4
63.0;143.0;103.0
63.0;141.8;102.4
63.0;141.0;102.0
63.0;142.4;102.7
63.0;142.2;102.6
63.0;142.4;102.7
63.0;142.6;102.8
63.0;141.8;102.4
63.0;142.6;102.8
62.6;141.8;102.2
62.6;141.6;102.1
62.6;142.0;102.3
62.6;140.8;101.7
62.6;143.2;102.9
62.6;141.6;102.1
62.6;141.2;101.9
62.6;143.2;102.9
62.6;142.0;102.3
62.6;142.2;102.4
62.6;142.8;102.7
62.6;141.2;101.9
62.2;142.6;102.4
62.2;141.6;101.9
62.2;142.2;102.2
62.2;141.6;101.9
62.2;142.2;102.2
62.2;142.6;102.4
62.2;141.8;102.0
62.2;141.8;102.0
62.2;141.6;101.9
62.2;142.2;102.2
62.2;141.6;101.9
62.2;142.0;102.1
62.2;142.6;102.4
62.2;142.4;102.3
62.2;142.2;102.2
62.2;142.6;102.4
62.2;142.0;102.1
62.2;142.2;102.2
62.2;142.0;102.1
62.2;142.8;102.5
62.2;142.6;102.4
62.2;142.0;102.1
62.2;142.4;102.3
62.2;142.6;102.4
62.2;142.4;102.3
62.2;140.8;101.5
62.2;142.8;102.5
62.2;141.6;101.9
62.2;142.0;102.1
62.2;141.8;102.0
62.2;142.4;102.3
62.2;141.2;101.7
62.2;142.6;102.4
62.2;142.4;102.3
62.2;142.0;102.1
62.2;141.8;102.0
62.2;141.8;102.0
62.2;142.0;102.1
62.2;142.2;102.2
62.2;141.8;102.0
62.2;142.4;102.3
61.6;141.8;101.7
61.6;142.6;102.1
61.6;142.0;101.8
61.6;141.8;101.7
61.6;141.8;101.7
61.6;141.4;101.5
61.6;141.8;101.7
61.6;141.4;101.5
61.6;143.0;102.3
61.6;141.6;101.6
61.6;142.6;102.1
61.6;142.6;102.1
61.6;142.0;101.8
61.6;141.2;101.4
61.6;142.0;101.8
61.6;141.6;101.6
61.6;142.2;101.9
61.6;142.4;102.0
61.6;143.2;102.4
61.6;142.8;102.2
61.6;141.8;101.7
61.6;143.0;102.3
61.6;142.6;102.1
61.6;143.2;102.4
61.6;141.6;101.6
61.6;141.6;101.6
61.6;143.0;102.3
61.6;140.8;101.2
61.6;141.8;101.7
61.6;142.8;102.2
61.6;142.6;102.1
61.6;143.0;102.3
61.6;142.2;101.9
61.6;142.6;102.1
61.6;142.6;102.1
61.6;141.2;101.4
61.6;140.8;101.2
61.6;141.2;101.4
61.6;142.0;101.8
61.6;142.2;101.9
61.6;142.2;101.9
61.6;143.0;102.3
61.6;140.8;101.2
61.6;143.0;102.3
61.6;142.0;101.8
61.6;142.4;102.0
61.6;141.8;101.7
61.6;141.0;101.3
61.6;141.4;101.5
61.6;141.6;101.6
61.6;142.2;101.9
61.6;141.6;101.6
61.6;141.6;101.6
61.6;142.2;101.9
61.6;141.6;101.6
61.6;140.4;101.0
61.6;142.2;101.9
61.6;142.2;101.9
61.6;141.8;101.7
61.6;141.8;101.7
61.6;141.8;101.7
61.6;142.2;101.9
61.6;142.4;102.0
61.6;141.6;101.6
61.6;143.0;102.3
61.6;140.4;101.0
61.6;141.8;101.7
61.6;141.6;101.6
61.6;142.2;101.9
61.6;141.6;101.6
61.6;142.0;101.8
61.6;141.4;101.5
61.6;142.6;102.1
61.6;142.8;102.2
61.6;141.8;101.7
61.6;142.0;101.8
61.6;142.0;101.8
61.6;142.0;101.8
61.6;142.2;101.9
61.6;142.0;101.8
61.6;142.4;102.0
61.6;142.2;101.9
61.6;143.0;102.3
61.6;141.8;101.7
61.6;141.8;101.7
61.6;142.2;101.9
61.6;141.6;101.6
61.6;142.0;101.8
61.6;142.4;102.0
61.6;141.8;101.7
61.6;143.2;102.4
61.6;142.6;102.1
61.6;143.0;102.3
61.6;142.2;101.9
61.6;142.4;102.0
61.6;142.0;101.8
61.6;141.8;101.7
61.6;141.2;101.4
61.6;142.2;101.9
61.6;142.0;101.8
61.6;141.0;101.3
61.6;142.2;101.9
61.6;142.0;101.8
61.6;142.6;102.1
61.6;141.0;101.3
61.6;142.0;101.8
61.6;142.0;101.8
61.6;142.6;102.1
61.6;142.4;102.0
61.6;141.8;101.7
61.6;142.0;101.8
61.6;142.0;101.8
61.6;141.8;101.7
61.6;142.6;102.1
61.6;140.4;101.0
61.6;143.0;102.3
61.4;141.4;101.4
61.4;142.2;101.8
61.4;141.4;101.4
61.4;142.4;101.9
61.4;142.4;101.9
61.4;141.6;101.5
61.4;140.6;101.0
61.4;142.8;102.1
61.4;142.0;101.7
61.4;141.8;101.6
61.4;142.4;101.9
61.4;142.2;101.8
61.4;142.0;101.7
61.4;142.8;102.1
61.4;142.2;101.8
61.4;142.6;102.0
61.4;141.8;101.6
61.4;141.4;101.4
61.4;141.8;101.6
61.4;142.2;101.8
61.4;141.8;101.6
61.4;140.4;100.9
61.4;142.2;101.8
61.4;141.4;101.4
61.4;142.2;101.8
61.4;142.4;101.9
61.4;142.0;101.7
61.4;142.2;101.8
61.4;142.0;101.7
61.4;142.0;101.7
61.4;142.8;102.1
61.4;143.0;102.2
61.4;143.2;102.3
61.4;142.4;101.9
61.4;141.2;101.3
61.4;141.8;101.6
61.4;140.8;101.1
61.4;141.6;101.5
61.4;142.4;101.9
61.4;142.6;102.0
61.4;142.8;102.1
61.4;142.2;101.8
61.4;142.2;101.8
61.4;142.2;101.8
61.4;142.2;101.8
61.4;142.6;102.0
61.4;142.6;102.0
61.4;142.2;101.8
61.4;141.6;101.5
61.4;141.8;101.6
61.4;142.0;101.7
61.4;142.0;101.7
61.4;141.6;101.5
61.4;141.8;101.6
61.4;143.0;102.2
61.4;141.4;101.4
61.4;141.0;101.2
61.4;142.2;101.8
61.4;142.2;101.8
61.4;141.8;101.6
61.4;142.4;101.9
61.4;141.2;101.3
61.4;142.0;101.7
61.4;141.8;101.6
61.4;142.6;102.0
61.4;142.2;101.8
61.4;142.6;102.0
61.4;142.0;101.7
61.4;142.8;102.1
61.4;141.8;101.6
61.4;141.8;101.6
61.4;142.0;101.7
61.4;142.4;101.9
61.4;142.0;101.7
61.4;142.0;101.7
61.4;142.2;101.8
61.4;141.8;101.6
61.4;142.0;101.7
61.4;142.0;101.7
61.4;141.6;101.5
61.4;142.0;101.7
61.4;142.2;101.8
61.4;142.0;101.7
61.4;142.0;101.7
61.4;142.2;101.8
61.4;141.6;101.5
61.4;142.2;101.8
61.4;142.0;101.7
61.4;142.8;102.1
61.4;142.0;101.7
61.4;142.4;101.9
61.4;142.4;101.9
61.4;142.0;101.7
61.4;140.4;100.9
61.4;143.0;102.2
61.4;142.0;101.7
61.4;142.6;102.0
61.4;142.0;101.7
61.4;143.2;102.3
61.4;141.8;101.6
61.4;142.2;101.8
61.4;142.6;102.0
61.4;142.0;101.7
61.4;142.4;101.9
61.4;142.2;101.8
61.4;142.4;101.9
61.4;141.8;101.6
61.4;142.4;101.9
61.4;142.6;102.0
61.4;141.2;101.3
61.4;140.2;100.8
61.4;142.8;102.1
61.4;143.0;102.2
61.4;141.6;101.5
61.4;142.8;102.1
61.4;142.6;102.0
61.4;141.8;101.6
61.4;142.8;102.1
61.4;142.4;101.9
61.4;141.8;101.6
61.4;141.4;101.4
61.4;142.8;102.1
61.4;142.4;101.9
61.4;142.0;101.7
61.4;142.4;101.9
61.4;141.8;101.6
61.4;141.8;101.6
61.4;142.2;101.8
61.4;142.2;101.8
61.4;142.6;102.0
61.4;142.6;102.0
61.4;142.0;101.7
61.4;141.8;101.6
61.4;141.8;101.6
61.4;142.2;101.8
61.4;140.6;101.0
61.4;141.0;101.2
61.4;142.4;101.9
61.4;141.4;101.4
61.4;140.8;101.1
61.4;142.6;102.0
61.4;141.4;101.4
61.4;141.6;101.5
61.4;142.2;101.8
61.4;143.2;102.3
61.4;142.2;101.8
61.4;141.8;101.6
61.4;142.6;102.0
61.4;143.0;102.2
61.4;142.6;102.0
61.4;142.4;101.9
61.4;141.4;101.4
61.4;142.6;102.0
61.4;142.4;101.9
61.4;141.6;101.5
61.4;142.4;101.9
61.4;142.8;102.1
61.4;141.6;101.5
61.4;142.6;102.0
61.4;142.6;102.0
61.4;142.0;101.7
61.4;142.2;101.8
61.4;141.8;101.6
61.4;141.8;101.6
61.4;143.0;102.2
61.4;142.4;101.9
61.4;142.0;101.7
61.4;142.2;101.8
61.4;142.2;101.8
61.4;142.2;101.8
61.4;142.6;102.0
61.4;142.6;102.0
61.4;141.8;101.6
61.4;142.0;101.7
61.4;140.8;101.1
61.4;141.4;101.4
61.4;143.0;102.2
61.4;141.8;101.6
61.4;142.6;102.0
61.4;141.6;101.5
61.4;141.8;101.6
61.4;142.6;102.0
61.4;142.2;101.8
61.4;141.2;101.3
61.4;141.8;101.6
61.4;142.4;101.9
61.4;142.2;101.8
61.4;142.2;101.8
61.4;142.0;101.7
61.4;142.2;101.8
61.4;140.4;100.9
61.4;142.4;101.9
61.4;142.8;102.1
61.4;142.2;101.8
61.4;141.4;101.4
61.4;141.4;101.4
61.4;142.2;101.8
61.4;142.4;101.9
61.4;142.0;101.7
61.4;142.2;101.8
61.4;142.0;101.7
61.4;141.6;101.5
61.4;142.2;101.8
61.4;142.6;102.0
61.4;142.8;102.1
61.4;142.6;102.0
61.4;142.6;102.0
61.4;141.8;101.6
61.4;141.0;101.2
61.4;141.4;101.4
61.4;142.4;101.9
61.4;142.6;102.0
61.4;142.6;102.0
61.4;142.6;102.0
61.4;142.6;102.0
61.4;142.2;101.8
61.4;142.4;101.9
61.4;141.8;101.6
61.4;142.2;101.8
61.4;142.2;101.8
61.4;141.8;101.6
61.4;141.8;101.6
61.4;142.0;101.7
61.4;140.6;101.0
61.4;141.6;101.5
61.4;142.8;102.1
61.4;142.2;101.8
61.4;141.8;101.6
61.4;141.6;101.5
61.4;141.8;101.6
61.4;141.4;101.4
61.2;140.8;101.0
61.2;143.0;102.1
61.2;142.0;101.6
61.2;142.4;101.8
61.2;143.0;102.1
61.2;142.6;101.9
