99.0;136.0;117.5
92.0;142.0;117.0
92.0;142.0;117.0
74.0;142.0;108.0
74.0;143.0;108.5
74.0;138.0;106.0
74.0;143.0;108.5
74.0;140.0;107.0
74.0;140.0;107.0
74.0;139.0;106.5
74.0;142.0;108.0
74.0;142.0;108.0
74.0;142.0;108.0
74.0;142.0;108.0
74.0;141.0;107.5
74.0;141.0;107.5
74.0;141.0;107.5
74.0;141.0;107.5
74.0;141.0;107.5
74.0;142.0;108.0
74.0;140.0;107.0
74.0;142.0;108.0
74.0;141.0;107.5
71.0;141.0;106.0
71.0;142.0;106.5
71.0;143.0;107.0
71.0;142.0;106.5
71.0;141.0;106.0
71.0;141.0;106.0
71.0;141.0;106.0
71.0;138.0;104.5
71.0;142.0;106.5
71.0;142.0;106.5
71.0;141.0;106.0
71.0;141.0;106.0
71.0;143.0;107.0
71.0;142.0;106.5
71.0;142.0;106.5
71.0;142.0;106.5
71.0;141.0;106.0
71.0;144.0;107.5
71.0;143.0;107.0
71.0;143.0;107.0
71.0;141.0;106.0
71.0;138.0;104.5
71.0;143.0;107.0
71.0;141.0;106.0
71.0;141.0;106.0
71.0;142.0;106.5
71.0;144.0;107.5
71.0;143.0;107.0
71.0;141.0;106.0
71.0;142.0;106.5
71.0;140.0;105.5
71.0;141.0;106.0
71.0;141.0;106.0
71.0;141.0;106.0
71.0;138.0;104.5
71.0;142.0;106.5
71.0;144.0;107.5
71.0;143.0;107.0
71.0;141.0;106.0
71.0;139.0;105.0
71.0;141.0;106.0
71.0;142.0;106.5
71.0;140.0;105.5
71.0;140.0;105.5
71.0;142.0;106.5
71.0;141.0;106.0
71.0;144.0;107.5
71.0;143.0;107.0
71.0;141.0;106.0
71.0;141.0;106.0
71.0;141.0;106.0
71.0;141.0;106.0
71.0;138.0;104.5
71.0;142.0;106.5
71.0;141.0;106.0
71.0;141.0;106.0
71.0;142.0;106.5
71.0;143.0;107.0
71.0;136.0;103.5
71.0;137.0;104.0
71.0;141.0;106.0
71.0;142.0;106.5
71.0;143.0;107.0
71.0;136.0;103.5
71.0;142.0;106.5
71.0;140.0;105.5
71.0;141.0;106.0
71.0;142.0;106.5
71.0;143.0;107.0
71.0;142.0;106.5
71.0;142.0;106.5
71.0;143.0;107.0
71.0;142.0;106.5
71.0;138.0;104.5
71.0;143.0;107.0
71.0;142.0;106.5
71.0;142.0;106.5
71.0;143.0;107.0
71.0;141.0;106.0
71.0;143.0;107.0
71.0;142.0;106.5
71.0;142.0;106.5
71.0;141.0;106.0
71.0;143.0;107.0
71.0;143.0;107.0
71.0;142.0;106.5
71.0;141.0;106.0
71.0;138.0;104.5
71.0;141.0;106.0
71.0;142.0;106.5
71.0;142.0;106.5
71.0;142.0;106.5
71.0;143.0;107.0
71.0;142.0;106.5
71.0;140.0;105.5
71.0;142.0;106.5
71.0;142.0;106.5
71.0;142.0;106.5
71.0;141.0;106.0
71.0;143.0;107.0
71.0;142.0;106.5
71.0;141.0;106.0
71.0;141.0;106.0
71.0;143.0;107.0
71.0;141.0;106.0
71.0;141.0;106.0
71.0;142.0;106.5
71.0;144.0;107.5
71.0;139.0;105.0
71.0;138.0;104.5
71.0;143.0;107.0
71.0;138.0;104.5
71.0;143.0;107.0
71.0;143.0;107.0
71.0;143.0;107.0
71.0;140.0;105.5
71.0;141.0;106.0
71.0;142.0;106.5
71.0;141.0;106.0
71.0;142.0;106.5
71.0;143.0;107.0
71.0;142.0;106.5
71.0;144.0;107.5
71.0;137.0;104.0
71.0;141.0;106.0
71.0;143.0;107.0
71.0;143.0;107.0
71.0;143.0;107.0
71.0;140.0;105.5
71.0;141.0;106.0
71.0;144.0;107.5
71.0;141.0;106.0
71.0;142.0;106.5
71.0;141.0;106.0
71.0;140.0;105.5
71.0;142.0;106.5
71.0;140.0;105.5
71.0;140.0;105.5
71.0;139.0;105.0
71.0;143.0;107.0
71.0;143.0;107.0
71.0;143.0;107.0
71.0;143.0;107.0
71.0;142.0;106.5
71.0;142.0;106.5
71.0;142.0;106.5
71.0;142.0;106.5
71.0;142.0;106.5
71.0;143.0;107.0
71.0;143.0;107.0
71.0;138.0;104.5
71.0;137.0;104.0
71.0;143.0;107.0
71.0;142.0;106.5
71.0;143.0;107.0
71.0;142.0;106.5
71.0;143.0;107.0
71.0;142.0;106.5
71.0;142.0;106.5
71.0;142.0;106.5
71.0;138.0;104.5
71.0;143.0;107.0
71.0;142.0;106.5
71.0;141.0;106.0
71.0;141.0;106.0
71.0;142.0;106.5
71.0;143.0;107.0
71.0;142.0;106.5
71.0;141.0;106.0
71.0;140.0;105.5
71.0;138.0;104.5
71.0;142.0;106.5
71.0;141.0;106.0
71.0;143.0;107.0
71.0;144.0;107.5
71.0;142.0;106.5
71.0;143.0;107.0
71.0;142.0;106.5
71.0;141.0;106.0
71.0;142.0;106.5
71.0;142.0;106.5
71.0;142.0;106.5
71.0;143.0;107.0
71.0;142.0;106.5
71.0;138.0;104.5
71.0;143.0;107.0
71.0;141.0;106.0
71.0;142.0;106.5
71.0;142.0;106.5
71.0;138.0;104.5
71.0;143.0;107.0
71.0;143.0;107.0
71.0;143.0;107.0
71.0;141.0;106.0
71.0;142.0;106.5
71.0;140.0;105.5
71.0;142.0;106.5
71.0;139.0;105.0
71.0;142.0;106.5
71.0;144.0;107.5
71.0;137.0;104.0
71.0;141.0;106.0
71.0;142.0;106.5
71.0;140.0;105.5
71.0;142.0;106.5
71.0;140.0;105.5
71.0;143.0;107.0
71.0;142.0;106.5
71.0;138.0;104.5
71.0;143.0;107.0
71.0;143.0;107.0
71.0;140.0;105.5
71.0;142.0;106.5
71.0;142.0;106.5
71.0;143.0;107.0
71.0;138.0;104.5
71.0;143.0;107.0
71.0;140.0;105.5
71.0;143.0;107.0
71.0;139.0;105.0
71.0;142.0;106.5
71.0;140.0;105.5
71.0;142.0;106.5
71.0;140.0;105.5
71.0;142.0;106.5
71.0;141.0;106.0
71.0;141.0;106.0
71.0;141.0;106.0
71.0;141.0;106.0
71.0;140.0;105.5
71.0;143.0;107.0
71.0;142.0;106.5
71.0;142.0;106.5
71.0;138.0;104.5
71.0;142.0;106.5
71.0;139.0;105.0
71.0;143.0;107.0
71.0;143.0;107.0
71.0;140.0;105.5
71.0;142.0;106.5
71.0;142.0;106.5
71.0;142.0;106.5
71.0;142.0;106.5
71.0;138.0;104.5
71.0;142.0;106.5
71.0;139.0;105.0
71.0;144.0;107.5
71.0;143.0;107.0
71.0;141.0;106.0
71.0;142.0;106.5
71.0;140.0;105.5
71.0;142.0;106.5
71.0;140.0;105.5
71.0;141.0;106.0
71.0;143.0;107.0
71.0;144.0;107.5
71.0;140.0;105.5
71.0;142.0;106.5
71.0;142.0;106.5
71.0;142.0;106.5
71.0;143.0;107.0
71.0;142.0;106.5
71.0;141.0;106.0
71.0;141.0;106.0
71.0;143.0;107.0
71.0;143.0;107.0
71.0;142.0;106.5
71.0;142.0;106.5
71.0;143.0;107.0
71.0;142.0;106.5
71.0;140.0;105.5
71.0;141.0;106.0
71.0;142.0;106.5
71.0;140.0;105.5
71.0;139.0;105.0
71.0;142.0;106.5
71.0;142.0;106.5
71.0;142.0;106.5
71.0;142.0;106.5
71.0;143.0;107.0
71.0;144.0;107.5
71.0;143.0;107.0
71.0;143.0;107.0
71.0;138.0;104.5
71.0;138.0;104.5
71.0;141.0;106.0
71.0;143.0;107.0
71.0;141.0;106.0
71.0;137.0;104.0
71.0;144.0;107.5
71.0;141.0;106.0
71.0;141.0;106.0
71.0;141.0;106.0
71.0;142.0;106.5
71.0;143.0;107.0
71.0;143.0;107.0
71.0;143.0;107.0
71.0;142.0;106.5
71.0;138.0;104.5
71.0;142.0;106.5
71.0;143.0;107.0
71.0;142.0;106.5
71.0;142.0;106.5
71.0;142.0;106.5
71.0;142.0;106.5
71.0;138.0;104.5
71.0;142.0;106.5
71.0;142.0;106.5
71.0;142.0;106.5
71.0;143.0;107.0
71.0;143.0;107.0
71.0;139.0;105.0
71.0;142.0;106.5
71.0;143.0;107.0
71.0;137.0;104.0
71.0;140.0;105.5
71.0;141.0;106.0
71.0;138.0;104.5
71.0;142.0;106.5
71.0;143.0;107.0
71.0;142.0;106.5
71.0;141.0;106.0
71.0;139.0;105.0
71.0;139.0;105.0
71.0;142.0;106.5
71.0;140.0;105.5
71.0;142.0;106.5
71.0;142.0;106.5
71.0;142.0;106.5
71.0;142.0;106.5
71.0;142.0;106.5
71.0;142.0;106.5
71.0;138.0;104.5
71.0;138.0;104.5
71.0;143.0;107.0
71.0;139.0;105.0
71.0;143.0;107.0
71.0;143.0;107.0
71.0;139.0;105.0
71.0;142.0;106.5
71.0;137.0;104.0
71.0;141.0;106.0
71.0;143.0;107.0
71.0;143.0;107.0
71.0;143.0;107.0
71.0;142.0;106.5
71.0;141.0;106.0
71.0;142.0;106.5
71.0;143.0;107.0
71.0;142.0;106.5
71.0;138.0;104.5
71.0;137.0;104.0
71.0;141.0;106.0
71.0;143.0;107.0
71.0;143.0;107.0
71.0;138.0;104.5
71.0;142.0;106.5
71.0;141.0;106.0
71.0;144.0;107.5
71.0;141.0;106.0
71.0;143.0;107.0
71.0;142.0;106.5
71.0;143.0;107.0
71.0;143.0;107.0
71.0;137.0;104.0
71.0;143.0;107.0
71.0;140.0;105.5
71.0;140.0;105.5
71.0;142.0;106.5
71.0;143.0;107.0
71.0;142.0;106.5
71.0;142.0;106.5
71.0;142.0;106.5
71.0;140.0;105.5
71.0;141.0;106.0
71.0;141.0;106.0
71.0;137.0;104.0
71.0;142.0;106.5
71.0;142.0;106.5
71.0;142.0;106.5
71.0;139.0;105.0
71.0;141.0;106.0
71.0;143.0;107.0
71.0;139.0;105.0
71.0;142.0;106.5
71.0;142.0;106.5
71.0;140.0;105.5
71.0;140.0;105.5
71.0;142.0;106.5
71.0;141.0;106.0
71.0;137.0;104.0
71.0;142.0;106.5
71.0;142.0;106.5
71.0;140.0;105.5
71.0;142.0;106.5
71.0;143.0;107.0
71.0;141.0;106.0
71.0;142.0;106.5
71.0;143.0;107.0
71.0;140.0;105.5
71.0;138.0;104.5
71.0;142.0;106.5
71.0;143.0;107.0
71.0;143.0;107.0
71.0;142.0;106.5
71.0;142.0;106.5
71.0;140.0;105.5
71.0;143.0;107.0
71.0;142.0;106.5
71.0;142.0;106.5
71.0;141.0;106.0
71.0;140.0;105.5
71.0;142.0;106.5
71.0;142.0;106.5
71.0;141.0;106.0
71.0;139.0;105.0
71.0;144.0;107.5
71.0;142.0;106.5
71.0;141.0;106.0
71.0;143.0;107.0
70.0;142.0;106.0
70.0;142.0;106.0
70.0;142.0;106.0
70.0;141.0;105.5
70.0;140.0;105.0
70.0;139.0;104.5
70.0;142.0;106.0
70.0;142.0;106.0
70.0;143.0;106.5
70.0;141.0;105.5
70.0;138.0;104.0
70.0;139.0;104.5
70.0;142.0;106.0
70.0;138.0;104.0
70.0;140.0;105.0
70.0;144.0;107.0
70.0;142.0;106.0
70.0;143.0;106.5
70.0;143.0;106.5
70.0;140.0;105.0
70.0;141.0;105.5
70.0;141.0;105.5
70.0;140.0;105.0
70.0;139.0;104.5
70.0;141.0;105.5
70.0;142.0;106.0
70.0;142.0;106.0
70.0;143.0;106.5
70.0;142.0;106.0
70.0;140.0;105.0
70.0;139.0;104.5
70.0;141.0;105.5
70.0;139.0;104.5
70.0;143.0;106.5
70.0;141.0;105.5
70.0;141.0;105.5
70.0;141.0;105.5
70.0;144.0;107.0
70.0;140.0;105.0
70.0;137.0;103.5
70.0;140.0;105.0
70.0;138.0;104.0
70.0;142.0;106.0
70.0;141.0;105.5
70.0;142.0;106.0
70.0;138.0;104.0
70.0;141.0;105.5
70.0;142.0;106.0
70.0;142.0;106.0
70.0;140.0;105.0
70.0;141.0;105.5
70.0;142.0;106.0
70.0;143.0;106.5
70.0;141.0;105.5
70.0;142.0;106.0
70.0;143.0;106.5
70.0;138.0;104.0
70.0;142.0;106.0
70.0;142.0;106.0
70.0;140.0;105.0
70.0;138.0;104.0
70.0;143.0;106.5
70.0;140.0;105.0
70.0;141.0;105.5
70.0;141.0;105.5
70.0;138.0;104.0
70.0;142.0;106.0
70.0;142.0;106.0
70.0;142.0;106.0
70.0;140.0;105.0
70.0;137.0;103.5
70.0;143.0;106.5
70.0;141.0;105.5
70.0;138.0;104.0
70.0;139.0;104.5
70.0;142.0;106.0
70.0;142.0;106.0
70.0;141.0;105.5
70.0;142.0;106.0
70.0;143.0;106.5
70.0;142.0;106.0
70.0;142.0;106.0
70.0;140.0;105.0
70.0;142.0;106.0
70.0;139.0;104.5
70.0;142.0;106.0
70.0;141.0;105.5
70.0;139.0;104.5
70.0;144.0;107.0
70.0;140.0;105.0
70.0;143.0;106.5
70.0;142.0;106.0
70.0;142.0;106.0
70.0;140.0;105.0
70.0;140.0;105.0
70.0;142.0;106.0
70.0;142.0;106.0
70.0;143.0;106.5
70.0;138.0;104.0
70.0;138.0;104.0
70.0;143.0;106.5
70.0;142.0;106.0
70.0;141.0;105.5
70.0;144.0;107.0
70.0;142.0;106.0
70.0;142.0;106.0
70.0;142.0;106.0
70.0;141.0;105.5
70.0;142.0;106.0
70.0;142.0;106.0
70.0;141.0;105.5
69.0;143.0;106.0
69.0;140.0;104.5
69.0;139.0;104.0
69.0;143.0;106.0
69.0;141.0;105.0
69.0;142.0;105.5
69.0;142.0;105.5
69.0;142.0;105.5
69.0;140.0;104.5
69.0;143.0;106.0
69.0;142.0;105.5
69.0;142.0;105.5
69.0;141.0;105.0
69.0;143.0;106.0
69.0;138.0;103.5
69.0;142.0;105.5
69.0;138.0;103.5
69.0;138.0;103.5
69.0;139.0;104.0
69.0;139.0;104.0
69.0;141.0;105.0
69.0;141.0;105.0
69.0;138.0;103.5
69.0;143.0;106.0
69.0;139.0;104.0
69.0;141.0;105.0
69.0;142.0;105.5
69.0;142.0;105.5
69.0;142.0;105.5
69.0;140.0;104.5
69.0;142.0;105.5
69.0;139.0;104.0
69.0;142.0;105.5
69.0;140.0;104.5
69.0;142.0;105.5
69.0;142.0;105.5
69.0;142.0;105.5
69.0;143.0;106.0
69.0;139.0;104.0
69.0;142.0;105.5
69.0;142.0;105.5
69.0;143.0;106.0
69.0;143.0;106.0
69.0;141.0;105.0
69.0;142.0;105.5
69.0;141.0;105.0
69.0;143.0;106.0
69.0;139.0;104.0
69.0;140.0;104.5
69.0;141.0;105.0
69.0;141.0;105.0
69.0;141.0;105.0
69.0;143.0;106.0
69.0;141.0;105.0
69.0;142.0;105.5
69.0;142.0;105.5
69.0;141.0;105.0
69.0;142.0;105.5
69.0;142.0;105.5
69.0;142.0;105.5
69.0;142.0;105.5
69.0;143.0;106.0
69.0;142.0;105.5
69.0;143.0;106.0
69.0;144.0;106.5
69.0;141.0;105.0
69.0;141.0;105.0
69.0;142.0;105.5
69.0;141.0;105.0
69.0;142.0;105.5
69.0;142.0;105.5
69.0;140.0;104.5
69.0;143.0;106.0
69.0;144.0;106.5
69.0;143.0;106.0
69.0;138.0;103.5
69.0;143.0;106.0
69.0;144.0;106.5
69.0;138.0;103.5
69.0;142.0;105.5
69.0;139.0;104.0
69.0;141.0;105.0
69.0;140.0;104.5
69.0;143.0;106.0
69.0;140.0;104.5
69.0;138.0;103.5
69.0;143.0;106.0
69.0;138.0;103.5
69.0;142.0;105.5
69.0;143.0;106.0
69.0;140.0;104.5
69.0;143.0;106.0
69.0;143.0;106.0
69.0;141.0;105.0
69.0;141.0;105.0
69.0;142.0;105.5
69.0;140.0;104.5
69.0;142.0;105.5
69.0;142.0;105.5
69.0;140.0;104.5
69.0;142.0;105.5
69.0;142.0;105.5
69.0;139.0;104.0
69.0;141.0;105.0
69.0;143.0;106.0
69.0;142.0;105.5
69.0;142.0;105.5
69.0;141.0;105.0
69.0;143.0;106.0
69.0;143.0;106.0
69.0;143.0;106.0
69.0;143.0;106.0
69.0;140.0;104.5
69.0;142.0;105.5
69.0;144.0;106.5
69.0;142.0;105.5
69.0;138.0;103.5
69.0;138.0;103.5
69.0;142.0;105.5
69.0;141.0;105.0
69.0;140.0;104.5
69.0;143.0;106.0
69.0;143.0;106.0
69.0;142.0;105.5
69.0;140.0;104.5
69.0;142.0;105.5
69.0;144.0;106.5
69.0;142.0;105.5
69.0;142.0;105.5
69.0;139.0;104.0
69.0;140.0;104.5
69.0;142.0;105.5
69.0;142.0;105.5
69.0;141.0;105.0
69.0;143.0;106.0
69.0;139.0;104.0
69.0;142.0;105.5
69.0;143.0;106.0
69.0;141.0;105.0
69.0;137.0;103.0
69.0;141.0;105.0
69.0;144.0;106.5
69.0;139.0;104.0
69.0;143.0;106.0
69.0;138.0;103.5
69.0;140.0;104.5
69.0;139.0;104.0
69.0;142.0;105.5
69.0;142.0;105.5
69.0;142.0;105.5
69.0;143.0;106.0
69.0;140.0;104.5
69.0;142.0;105.5
69.0;142.0;105.5
69.0;143.0;106.0
69.0;142.0;105.5
69.0;144.0;106.5
69.0;141.0;105.0
69.0;143.0;106.0
69.0;142.0;105.5
69.0;141.0;105.0
69.0;141.0;105.0
69.0;139.0;104.0
69.0;140.0;104.5
69.0;140.0;104.5
69.0;140.0;104.5
69.0;143.0;106.0
69.0;142.0;105.5
69.0;144.0;106.5
69.0;140.0;104.5
69.0;142.0;105.5
69.0;143.0;106.0
69.0;142.0;105.5
69.0;143.0;106.0
69.0;142.0;105.5
69.0;142.0;105.5
69.0;137.0;103.0
69.0;144.0;106.5
69.0;143.0;106.0
69.0;142.0;105.5
69.0;141.0;105.0
69.0;142.0;105.5
69.0;138.0;103.5
69.0;140.0;104.5
69.0;140.0;104.5
69.0;141.0;105.0
69.0;142.0;105.5
69.0;141.0;105.0
69.0;142.0;105.5
69.0;142.0;105.5
69.0;143.0;106.0
69.0;144.0;106.5
69.0;141.0;105.0
69.0;140.0;104.5
69.0;138.0;103.5
69.0;140.0;104.5
69.0;143.0;106.0
69.0;142.0;105.5
69.0;142.0;105.5
69.0;142.0;105.5
69.0;141.0;105.0
69.0;139.0;104.0
69.0;143.0;106.0
69.0;140.0;104.5
69.0;143.0;106.0
69.0;141.0;105.0
69.0;143.0;106.0
69.0;142.0;105.5
69.0;142.0;105.5
69.0;142.0;105.5
69.0;142.0;105.5
69.0;141.0;105.0
69.0;143.0;106.0
69.0;141.0;105.0
69.0;141.0;105.0
69.0;138.0;103.5
69.0;138.0;103.5
69.0;139.0;104.0
69.0;141.0;105.0
69.0;141.0;105.0
69.0;138.0;103.5
69.0;143.0;106.0
69.0;140.0;104.5
69.0;142.0;105.5
69.0;138.0;103.5
69.0;140.0;104.5
69.0;142.0;105.5
69.0;141.0;105.0
69.0;142.0;105.5
69.0;142.0;105.5
69.0;141.0;105.0
69.0;142.0;105.5
69.0;140.0;104.5
69.0;142.0;105.5
69.0;139.0;104.0
69.0;142.0;105.5
69.0;142.0;105.5
69.0;141.0;105.0
69.0;142.0;105.5
69.0;143.0;106.0
69.0;136.0;102.5
69.0;138.0;103.5
69.0;141.0;105.0
69.0;141.0;105.0
69.0;141.0;105.0
69.0;141.0;105.0
69.0;143.0;106.0
69.0;139.0;104.0
69.0;142.0;105.5
69.0;141.0;105.0
69.0;143.0;106.0
69.0;144.0;106.5
69.0;142.0;105.5
69.0;141.0;105.0
69.0;142.0;105.5
69.0;143.0;106.0
69.0;141.0;105.0
69.0;142.0;105.5
69.0;138.0;103.5
69.0;138.0;103.5
69.0;142.0;105.5
69.0;141.0;105.0
69.0;142.0;105.5
69.0;142.0;105.5
69.0;142.0;105.5
69.0;141.0;105.0
69.0;141.0;105.0
69.0;142.0;105.5
69.0;140.0;104.5
69.0;141.0;105.0
69.0;142.0;105.5
69.0;142.0;105.5
69.0;143.0;106.0
69.0;141.0;105.0
69.0;143.0;106.0
69.0;142.0;105.5
69.0;141.0;105.0
69.0;142.0;105.5
69.0;141.0;105.0
69.0;143.0;106.0
69.0;141.0;105.0
69.0;141.0;105.0
69.0;139.0;104.0
69.0;141.0;105.0
69.0;142.0;105.5
69.0;140.0;104.5
69.0;141.0;105.0
69.0;141.0;105.0
69.0;141.0;105.0
69.0;138.0;103.5
69.0;138.0;103.5
69.0;142.0;105.5
69.0;142.0;105.5
69.0;143.0;106.0
69.0;143.0;106.0
69.0;142.0;105.5
69.0;143.0;106.0
69.0;141.0;105.0
69.0;142.0;105.5
69.0;143.0;106.0
69.0;142.0;105.5
69.0;138.0;103.5
69.0;140.0;104.5
69.0;141.0;105.0
69.0;142.0;105.5
69.0;140.0;104.5
69.0;142.0;105.5
69.0;144.0;106.5
69.0;143.0;106.0
69.0;142.0;105.5
69.0;141.0;105.0
69.0;143.0;106.0
69.0;138.0;103.5
69.0;144.0;106.5
69.0;143.0;106.0
69.0;144.0;106.5
69.0;142.0;105.5
69.0;142.0;105.5
69.0;141.0;105.0
69.0;143.0;106.0
69.0;141.0;105.0
69.0;137.0;103.0
69.0;139.0;104.0
69.0;141.0;105.0
69.0;142.0;105.5
69.0;143.0;106.0
69.0;143.0;106.0
69.0;142.0;105.5
69.0;140.0;104.5
69.0;141.0;105.0
69.0;142.0;105.5
69.0;142.0;105.5
69.0;138.0;103.5
69.0;143.0;106.0
69.0;140.0;104.5
69.0;144.0;106.5
69.0;143.0;106.0
69.0;144.0;106.5
69.0;142.0;105.5
69.0;140.0;104.5
69.0;142.0;105.5
69.0;140.0;104.5
69.0;141.0;105.0
69.0;141.0;105.0
69.0;143.0;106.0
69.0;143.0;106.0
69.0;143.0;106.0
69.0;140.0;104.5
69.0;139.0;104.0
69.0;140.0;104.5
69.0;142.0;105.5
69.0;141.0;105.0
69.0;139.0;104.0
69.0;142.0;105.5
69.0;141.0;105.0
69.0;139.0;104.0
69.0;141.0;105.0
69.0;140.0;104.5
69.0;142.0;105.5
69.0;141.0;105.0
69.0;142.0;105.5
69.0;141.0;105.0
69.0;141.0;105.0
69.0;140.0;104.5
69.0;142.0;105.5
69.0;140.0;104.5
69.0;138.0;103.5
69.0;139.0;104.0
69.0;142.0;105.5
69.0;142.0;105.5
69.0;141.0;105.0
69.0;141.0;105.0
69.0;137.0;103.0
69.0;138.0;103.5
69.0;141.0;105.0
69.0;140.0;104.5
69.0;139.0;104.0
69.0;142.0;105.5
69.0;139.0;104.0
69.0;139.0;104.0
69.0;143.0;106.0
69.0;143.0;106.0
69.0;143.0;106.0
69.0;140.0;104.5
69.0;142.0;105.5
69.0;141.0;105.0
69.0;142.0;105.5
69.0;141.0;105.0
69.0;142.0;105.5
69.0;142.0;105.5
69.0;141.0;105.0
69.0;143.0;106.0
69.0;139.0;104.0
69.0;141.0;105.0
69.0;139.0;104.0
69.0;143.0;106.0
69.0;141.0;105.0
69.0;142.0;105.5
69.0;141.0;105.0
69.0;142.0;105.5
69.0;141.0;105.0
69.0;142.0;105.5
69.0;141.0;105.0
69.0;141.0;105.0
69.0;141.0;105.0
69.0;143.0;106.0
69.0;140.0;104.5
69.0;139.0;104.0
69.0;140.0;104.5
69.0;140.0;104.5
69.0;144.0;106.5
69.0;140.0;104.5
69.0;143.0;106.0
69.0;143.0;106.0
69.0;142.0;105.5
69.0;142.0;105.5
69.0;139.0;104.0
69.0;142.0;105.5
69.0;141.0;105.0
69.0;137.0;103.0
69.0;141.0;105.0
69.0;141.0;105.0
69.0;141.0;105.0
69.0;137.0;103.0
69.0;140.0;104.5
69.0;138.0;103.5
69.0;142.0;105.5
69.0;143.0;106.0
69.0;141.0;105.0
69.0;142.0;105.5
69.0;142.0;105.5
69.0;141.0;105.0
69.0;137.0;103.0
69.0;138.0;103.5
69.0;143.0;106.0
69.0;141.0;105.0
69.0;141.0;105.0
69.0;143.0;106.0
69.0;140.0;104.5
69.0;142.0;105.5
69.0;143.0;106.0
69.0;140.0;104.5
69.0;140.0;104.5
69.0;140.0;104.5
69.0;142.0;105.5
69.0;142.0;105.5
