99.0;136.0;117.5
91.0;142.0;116.5
86.0;144.0;115.0
86.0;141.0;113.5
86.0;139.0;112.5
85.0;142.0;113.5
85.0;141.0;113.0
85.0;140.0;112.5
85.0;143.0;114.0
85.0;142.0;113.5
85.0;141.0;113.0
85.0;142.0;113.5
85.0;143.0;114.0
85.0;143.0;114.0
85.0;141.0;113.0
85.0;138.0;111.5
85.0;143.0;114.0
85.0;140.0;112.5
84.0;142.0;113.0
84.0;143.0;113.5
84.0;137.0;110.5
84.0;143.0;113.5
84.0;140.0;112.0
84.0;142.0;113.0
84.0;142.0;113.0
84.0;144.0;114.0
84.0;138.0;111.0
84.0;142.0;113.0
84.0;141.0;112.5
84.0;141.0;112.5
84.0;141.0;112.5
84.0;143.0;113.5
84.0;140.0;112.0
84.0;141.0;112.5
84.0;143.0;113.5
84.0;141.0;112.5
84.0;138.0;111.0
84.0;141.0;112.5
82.0;142.0;112.0
82.0;141.0;111.5
81.0;142.0;111.5
81.0;137.0;109.0
79.0;140.0;109.5
79.0;142.0;110.5
79.0;143.0;111.0
79.0;140.0;109.5
79.0;144.0;111.5
79.0;141.0;110.0
79.0;144.0;111.5
79.0;140.0;109.5
79.0;143.0;111.0
79.0;143.0;111.0
78.0;138.0;108.0
78.0;141.0;109.5
78.0;142.0;110.0
78.0;142.0;110.0
78.0;142.0;110.0
78.0;138.0;108.0
78.0;144.0;111.0
78.0;141.0;109.5
78.0;141.0;109.5
78.0;137.0;107.5
78.0;137.0;107.5
78.0;142.0;110.0
78.0;138.0;108.0
78.0;142.0;110.0
78.0;141.0;109.5
78.0;142.0;110.0
78.0;142.0;110.0
78.0;143.0;110.5
78.0;144.0;111.0
78.0;141.0;109.5
78.0;142.0;110.0
78.0;142.0;110.0
78.0;142.0;110.0
78.0;144.0;111.0
78.0;142.0;110.0
78.0;142.0;110.0
78.0;142.0;110.0
78.0;140.0;109.0
78.0;143.0;110.5
78.0;141.0;109.5
78.0;140.0;109.0
78.0;141.0;109.5
78.0;141.0;109.5
78.0;138.0;108.0
78.0;139.0;108.5
78.0;143.0;110.5
78.0;142.0;110.0
78.0;140.0;109.0
78.0;142.0;110.0
78.0;139.0;108.5
72.0;138.0;105.0
72.0;142.0;107.0
72.0;143.0;107.5
72.0;143.0;107.5
72.0;141.0;106.5
72.0;138.0;105.0
72.0;142.0;107.0
72.0;142.0;107.0
72.0;143.0;107.5
72.0;140.0;106.0
72.0;143.0;107.5
72.0;140.0;106.0
72.0;143.0;107.5
72.0;141.0;106.5
72.0;143.0;107.5
72.0;141.0;106.5
72.0;142.0;107.0
72.0;143.0;107.5
72.0;142.0;107.0
72.0;141.0;106.5
72.0;142.0;107.0
72.0;142.0;107.0
72.0;142.0;107.0
72.0;142.0;107.0
72.0;143.0;107.5
72.0;142.0;107.0
72.0;142.0;107.0
72.0;142.0;107.0
72.0;140.0;106.0
72.0;141.0;106.5
72.0;143.0;107.5
72.0;137.0;104.5
72.0;142.0;107.0
72.0;143.0;107.5
72.0;140.0;106.0
72.0;141.0;106.5
72.0;143.0;107.5
72.0;140.0;106.0
72.0;142.0;107.0
72.0;142.0;107.0
72.0;142.0;107.0
72.0;141.0;106.5
72.0;142.0;107.0
72.0;143.0;107.5
72.0;142.0;107.0
72.0;143.0;107.5
72.0;142.0;107.0
72.0;141.0;106.5
72.0;142.0;107.0
72.0;142.0;107.0
72.0;141.0;106.5
72.0;139.0;105.5
72.0;143.0;107.5
72.0;141.0;106.5
72.0;142.0;107.0
72.0;142.0;107.0
72.0;140.0;106.0
72.0;144.0;108.0
72.0;142.0;107.0
72.0;143.0;107.5
72.0;141.0;106.5
72.0;142.0;107.0
72.0;141.0;106.5
72.0;143.0;107.5
72.0;143.0;107.5
72.0;142.0;107.0
72.0;139.0;105.5
72.0;141.0;106.5
72.0;143.0;107.5
72.0;142.0;107.0
72.0;142.0;107.0
72.0;141.0;106.5
72.0;141.0;106.5
72.0;142.0;107.0
72.0;142.0;107.0
72.0;142.0;107.0
72.0;141.0;106.5
72.0;142.0;107.0
72.0;142.0;107.0
72.0;140.0;106.0
72.0;143.0;107.5
72.0;144.0;108.0
72.0;144.0;108.0
72.0;142.0;107.0
72.0;139.0;105.5
72.0;143.0;107.5
72.0;143.0;107.5
72.0;142.0;107.0
72.0;141.0;106.5
72.0;140.0;106.0
71.0;143.0;107.0
71.0;142.0;106.5
71.0;141.0;106.0
71.0;140.0;105.5
71.0;140.0;105.5
71.0;140.0;105.5
71.0;142.0;106.5
71.0;142.0;106.5
71.0;142.0;106.5
71.0;143.0;107.0
71.0;141.0;106.0
71.0;143.0;107.0
71.0;141.0;106.0
71.0;137.0;104.0
71.0;143.0;107.0
71.0;137.0;104.0
71.0;139.0;105.0
71.0;141.0;106.0
71.0;139.0;105.0
71.0;138.0;104.5
71.0;142.0;106.5
71.0;143.0;107.0
71.0;141.0;106.0
71.0;142.0;106.5
71.0;142.0;106.5
71.0;144.0;107.5
71.0;140.0;105.5
71.0;142.0;106.5
71.0;138.0;104.5
71.0;142.0;106.5
71.0;141.0;106.0
71.0;138.0;104.5
71.0;141.0;106.0
71.0;143.0;107.0
71.0;138.0;104.5
71.0;144.0;107.5
71.0;138.0;104.5
71.0;140.0;105.5
71.0;143.0;107.0
71.0;142.0;106.5
71.0;142.0;106.5
71.0;139.0;105.0
71.0;142.0;106.5
71.0;143.0;107.0
71.0;143.0;107.0
71.0;142.0;106.5
71.0;142.0;106.5
71.0;143.0;107.0
71.0;138.0;104.5
71.0;140.0;105.5
71.0;138.0;104.5
71.0;144.0;107.5
71.0;143.0;107.0
71.0;142.0;106.5
71.0;144.0;107.5
71.0;142.0;106.5
71.0;141.0;106.0
71.0;143.0;107.0
71.0;142.0;106.5
67.0;141.0;104.0
67.0;142.0;104.5
67.0;143.0;105.0
67.0;143.0;105.0
67.0;141.0;104.0
67.0;137.0;102.0
67.0;141.0;104.0
67.0;142.0;104.5
67.0;142.0;104.5
67.0;139.0;103.0
67.0;139.0;103.0
67.0;142.0;104.5
67.0;141.0;104.0
67.0;138.0;102.5
67.0;143.0;105.0
67.0;141.0;104.0
67.0;142.0;104.5
67.0;141.0;104.0
67.0;141.0;104.0
67.0;142.0;104.5
67.0;142.0;104.5
67.0;138.0;102.5
67.0;144.0;105.5
67.0;141.0;104.0
67.0;142.0;104.5
67.0;142.0;104.5
67.0;140.0;103.5
67.0;139.0;103.0
67.0;137.0;102.0
67.0;140.0;103.5
67.0;143.0;105.0
67.0;142.0;104.5
67.0;141.0;104.0
67.0;142.0;104.5
67.0;141.0;104.0
67.0;141.0;104.0
67.0;141.0;104.0
67.0;142.0;104.5
67.0;142.0;104.5
67.0;143.0;105.0
67.0;143.0;105.0
67.0;139.0;103.0
67.0;142.0;104.5
67.0;142.0;104.5
67.0;142.0;104.5
67.0;141.0;104.0
67.0;141.0;104.0
67.0;139.0;103.0
67.0;144.0;105.5
67.0;143.0;105.0
67.0;141.0;104.0
67.0;142.0;104.5
67.0;141.0;104.0
67.0;142.0;104.5
67.0;143.0;105.0
67.0;142.0;104.5
67.0;140.0;103.5
67.0;141.0;104.0
67.0;143.0;105.0
67.0;142.0;104.5
67.0;142.0;104.5
67.0;143.0;105.0
67.0;141.0;104.0
67.0;141.0;104.0
67.0;141.0;104.0
67.0;143.0;105.0
67.0;141.0;104.0
67.0;140.0;103.5
67.0;142.0;104.5
67.0;143.0;105.0
67.0;143.0;105.0
67.0;143.0;105.0
67.0;140.0;103.5
67.0;142.0;104.5
67.0;143.0;105.0
67.0;141.0;104.0
67.0;144.0;105.5
67.0;138.0;102.5
67.0;142.0;104.5
67.0;141.0;104.0
67.0;143.0;105.0
67.0;141.0;104.0
67.0;143.0;105.0
67.0;137.0;102.0
67.0;142.0;104.5
67.0;139.0;103.0
67.0;141.0;104.0
67.0;143.0;105.0
67.0;142.0;104.5
67.0;142.0;104.5
67.0;142.0;104.5
67.0;141.0;104.0
67.0;142.0;104.5
67.0;142.0;104.5
67.0;142.0;104.5
67.0;143.0;105.0
67.0;138.0;102.5
67.0;142.0;104.5
67.0;142.0;104.5
67.0;142.0;104.5
67.0;143.0;105.0
67.0;140.0;103.5
67.0;142.0;104.5
67.0;141.0;104.0
67.0;138.0;102.5
67.0;142.0;104.5
67.0;143.0;105.0
67.0;138.0;102.5
67.0;141.0;104.0
67.0;142.0;104.5
67.0;142.0;104.5
67.0;141.0;104.0
67.0;142.0;104.5
67.0;141.0;104.0
67.0;143.0;105.0
67.0;142.0;104.5
67.0;141.0;104.0
67.0;140.0;103.5
67.0;141.0;104.0
67.0;142.0;104.5
67.0;142.0;104.5
67.0;141.0;104.0
67.0;143.0;105.0
67.0;143.0;105.0
67.0;138.0;102.5
67.0;140.0;103.5
67.0;144.0;105.5
67.0;142.0;104.5
67.0;141.0;104.0
67.0;142.0;104.5
67.0;137.0;102.0
66.0;139.0;102.5
66.0;143.0;104.5
66.0;142.0;104.0
66.0;137.0;101.5
66.0;139.0;102.5
66.0;142.0;104.0
66.0;137.0;101.5
66.0;141.0;103.5
66.0;143.0;104.5
66.0;141.0;103.5
66.0;143.0;104.5
66.0;142.0;104.0
66.0;140.0;103.0
66.0;142.0;104.0
66.0;144.0;105.0
66.0;140.0;103.0
66.0;141.0;103.5
66.0;140.0;103.0
66.0;138.0;102.0
66.0;139.0;102.5
66.0;141.0;103.5
66.0;142.0;104.0
66.0;141.0;103.5
66.0;143.0;104.5
66.0;142.0;104.0
66.0;143.0;104.5
66.0;140.0;103.0
66.0;142.0;104.0
66.0;141.0;103.5
66.0;143.0;104.5
66.0;142.0;104.0
66.0;140.0;103.0
66.0;143.0;104.5
66.0;143.0;104.5
66.0;141.0;103.5
66.0;144.0;105.0
66.0;139.0;102.5
66.0;140.0;103.0
66.0;142.0;104.0
66.0;142.0;104.0
66.0;141.0;103.5
66.0;141.0;103.5
66.0;141.0;103.5
66.0;142.0;104.0
66.0;144.0;105.0
66.0;143.0;104.5
66.0;137.0;101.5
66.0;142.0;104.0
66.0;141.0;103.5
66.0;139.0;102.5
66.0;142.0;104.0
66.0;141.0;103.5
66.0;142.0;104.0
66.0;143.0;104.5
66.0;142.0;104.0
66.0;142.0;104.0
66.0;142.0;104.0
66.0;141.0;103.5
66.0;140.0;103.0
66.0;143.0;104.5
66.0;141.0;103.5
66.0;142.0;104.0
66.0;139.0;102.5
66.0;142.0;104.0
66.0;143.0;104.5
66.0;136.0;101.0
66.0;141.0;103.5
66.0;141.0;103.5
66.0;143.0;104.5
66.0;143.0;104.5
66.0;142.0;104.0
66.0;143.0;104.5
66.0;141.0;103.5
66.0;143.0;104.5
66.0;142.0;104.0
66.0;140.0;103.0
66.0;142.0;104.0
66.0;143.0;104.5
66.0;142.0;104.0
66.0;142.0;104.0
66.0;141.0;103.5
66.0;142.0;104.0
66.0;140.0;103.0
66.0;144.0;105.0
66.0;142.0;104.0
66.0;143.0;104.5
66.0;141.0;103.5
66.0;142.0;104.0
66.0;138.0;102.0
66.0;142.0;104.0
66.0;137.0;101.5
66.0;137.0;101.5
66.0;143.0;104.5
66.0;142.0;104.0
66.0;141.0;103.5
66.0;142.0;104.0
66.0;142.0;104.0
66.0;142.0;104.0
66.0;143.0;104.5
66.0;138.0;102.0
66.0;139.0;102.5
66.0;142.0;104.0
66.0;144.0;105.0
66.0;143.0;104.5
66.0;142.0;104.0
66.0;139.0;102.5
66.0;143.0;104.5
66.0;143.0;104.5
66.0;142.0;104.0
66.0;141.0;103.5
66.0;143.0;104.5
66.0;142.0;104.0
66.0;144.0;105.0
66.0;139.0;102.5
66.0;141.0;103.5
66.0;142.0;104.0
66.0;141.0;103.5
66.0;143.0;104.5
66.0;140.0;103.0
66.0;138.0;102.0
66.0;142.0;104.0
66.0;142.0;104.0
66.0;138.0;102.0
66.0;140.0;103.0
66.0;139.0;102.5
66.0;140.0;103.0
66.0;142.0;104.0
66.0;144.0;105.0
66.0;140.0;103.0
66.0;142.0;104.0
66.0;139.0;102.5
66.0;140.0;103.0
66.0;142.0;104.0
66.0;141.0;103.5
66.0;141.0;103.5
66.0;140.0;103.0
66.0;143.0;104.5
66.0;142.0;104.0
66.0;142.0;104.0
66.0;142.0;104.0
66.0;141.0;103.5
66.0;142.0;104.0
66.0;141.0;103.5
66.0;138.0;102.0
66.0;141.0;103.5
66.0;142.0;104.0
66.0;143.0;104.5
66.0;143.0;104.5
66.0;142.0;104.0
66.0;144.0;105.0
66.0;140.0;103.0
66.0;143.0;104.5
66.0;142.0;104.0
66.0;143.0;104.5
66.0;142.0;104.0
66.0;141.0;103.5
66.0;143.0;104.5
66.0;142.0;104.0
66.0;143.0;104.5
66.0;141.0;103.5
66.0;143.0;104.5
66.0;141.0;103.5
66.0;142.0;104.0
66.0;141.0;103.5
66.0;142.0;104.0
66.0;143.0;104.5
66.0;142.0;104.0
66.0;143.0;104.5
66.0;138.0;102.0
66.0;140.0;103.0
66.0;138.0;102.0
66.0;141.0;103.5
66.0;141.0;103.5
66.0;142.0;104.0
66.0;141.0;103.5
66.0;142.0;104.0
66.0;140.0;103.0
66.0;141.0;103.5
66.0;140.0;103.0
66.0;143.0;104.5
66.0;142.0;104.0
66.0;141.0;103.5
66.0;141.0;103.5
66.0;139.0;102.5
66.0;141.0;103.5
66.0;142.0;104.0
66.0;143.0;104.5
66.0;139.0;102.5
66.0;140.0;103.0
66.0;142.0;104.0
66.0;140.0;103.0
66.0;140.0;103.0
66.0;141.0;103.5
66.0;142.0;104.0
66.0;142.0;104.0
66.0;141.0;103.5
66.0;140.0;103.0
66.0;142.0;104.0
66.0;142.0;104.0
66.0;143.0;104.5
66.0;141.0;103.5
66.0;138.0;102.0
66.0;142.0;104.0
66.0;142.0;104.0
66.0;143.0;104.5
66.0;144.0;105.0
66.0;142.0;104.0
66.0;144.0;105.0
66.0;142.0;104.0
66.0;143.0;104.5
66.0;143.0;104.5
66.0;143.0;104.5
66.0;141.0;103.5
66.0;142.0;104.0
66.0;138.0;102.0
66.0;138.0;102.0
66.0;143.0;104.5
66.0;141.0;103.5
66.0;141.0;103.5
66.0;142.0;104.0
66.0;142.0;104.0
66.0;141.0;103.5
66.0;141.0;103.5
66.0;137.0;101.5
66.0;144.0;105.0
66.0;140.0;103.0
66.0;140.0;103.0
66.0;142.0;104.0
66.0;141.0;103.5
66.0;141.0;103.5
66.0;143.0;104.5
66.0;139.0;102.5
66.0;142.0;104.0
66.0;139.0;102.5
66.0;142.0;104.0
66.0;139.0;102.5
66.0;143.0;104.5
66.0;143.0;104.5
66.0;139.0;102.5
66.0;143.0;104.5
66.0;142.0;104.0
66.0;138.0;102.0
66.0;141.0;103.5
66.0;141.0;103.5
66.0;144.0;105.0
66.0;141.0;103.5
66.0;142.0;104.0
66.0;141.0;103.5
66.0;140.0;103.0
66.0;142.0;104.0
66.0;139.0;102.5
66.0;144.0;105.0
66.0;141.0;103.5
66.0;142.0;104.0
66.0;139.0;102.5
66.0;143.0;104.5
66.0;142.0;104.0
66.0;142.0;104.0
66.0;143.0;104.5
66.0;143.0;104.5
66.0;143.0;104.5
66.0;142.0;104.0
66.0;140.0;103.0
66.0;140.0;103.0
66.0;142.0;104.0
66.0;140.0;103.0
66.0;142.0;104.0
66.0;142.0;104.0
66.0;138.0;102.0
66.0;142.0;104.0
66.0;142.0;104.0
66.0;142.0;104.0
66.0;142.0;104.0
66.0;142.0;104.0
66.0;144.0;105.0
66.0;142.0;104.0
66.0;142.0;104.0
66.0;143.0;104.5
66.0;142.0;104.0
66.0;141.0;103.5
66.0;140.0;103.0
66.0;142.0;104.0
66.0;142.0;104.0
66.0;141.0;103.5
66.0;143.0;104.5
66.0;142.0;104.0
66.0;142.0;104.0
66.0;143.0;104.5
66.0;143.0;104.5
66.0;142.0;104.0
66.0;139.0;102.5
66.0;142.0;104.0
66.0;142.0;104.0
66.0;143.0;104.5
66.0;137.0;101.5
66.0;141.0;103.5
66.0;141.0;103.5
66.0;140.0;103.0
66.0;144.0;105.0
66.0;142.0;104.0
66.0;143.0;104.5
66.0;141.0;103.5
66.0;139.0;102.5
66.0;139.0;102.5
66.0;143.0;104.5
66.0;143.0;104.5
66.0;140.0;103.0
66.0;140.0;103.0
66.0;139.0;102.5
66.0;140.0;103.0
66.0;139.0;102.5
66.0;138.0;102.0
66.0;139.0;102.5
66.0;140.0;103.0
66.0;138.0;102.0
66.0;142.0;104.0
66.0;143.0;104.5
66.0;142.0;104.0
64.0;138.0;101.0
64.0;142.0;103.0
64.0;142.0;103.0
64.0;142.0;103.0
64.0;143.0;103.5
64.0;139.0;101.5
64.0;143.0;103.5
64.0;137.0;100.5
64.0;141.0;102.5
64.0;141.0;102.5
64.0;140.0;102.0
64.0;139.0;101.5
64.0;143.0;103.5
64.0;143.0;103.5
64.0;142.0;103.0
64.0;140.0;102.0
64.0;143.0;103.5
64.0;141.0;102.5
64.0;142.0;103.0
64.0;143.0;103.5
64.0;142.0;103.0
64.0;142.0;103.0
64.0;139.0;101.5
64.0;141.0;102.5
64.0;144.0;104.0
64.0;142.0;103.0
64.0;142.0;103.0
64.0;139.0;101.5
64.0;143.0;103.5
64.0;137.0;100.5
64.0;144.0;104.0
64.0;141.0;102.5
64.0;141.0;102.5
64.0;144.0;104.0
64.0;140.0;102.0
64.0;143.0;103.5
64.0;137.0;100.5
64.0;138.0;101.0
64.0;142.0;103.0
64.0;144.0;104.0
64.0;141.0;102.5
64.0;140.0;102.0
64.0;142.0;103.0
64.0;141.0;102.5
64.0;140.0;102.0
64.0;142.0;103.0
64.0;143.0;103.5
64.0;142.0;103.0
64.0;141.0;102.5
64.0;141.0;102.5
64.0;140.0;102.0
64.0;141.0;102.5
64.0;138.0;101.0
64.0;143.0;103.5
64.0;141.0;102.5
64.0;142.0;103.0
64.0;143.0;103.5
64.0;142.0;103.0
64.0;140.0;102.0
64.0;143.0;103.5
64.0;141.0;102.5
64.0;142.0;103.0
64.0;139.0;101.5
64.0;142.0;103.0
64.0;137.0;100.5
64.0;142.0;103.0
64.0;143.0;103.5
64.0;143.0;103.5
64.0;143.0;103.5
64.0;143.0;103.5
64.0;143.0;103.5
64.0;141.0;102.5
64.0;144.0;104.0
64.0;143.0;103.5
64.0;142.0;103.0
64.0;137.0;100.5
64.0;141.0;102.5
64.0;143.0;103.5
64.0;138.0;101.0
64.0;143.0;103.5
64.0;142.0;103.0
64.0;138.0;101.0
64.0;140.0;102.0
64.0;141.0;102.5
64.0;140.0;102.0
64.0;142.0;103.0
64.0;142.0;103.0
64.0;139.0;101.5
64.0;138.0;101.0
64.0;143.0;103.5
64.0;140.0;102.0
64.0;141.0;102.5
64.0;141.0;102.5
64.0;143.0;103.5
64.0;142.0;103.0
64.0;142.0;103.0
64.0;143.0;103.5
64.0;142.0;103.0
64.0;142.0;103.0
64.0;143.0;103.5
64.0;143.0;103.5
64.0;143.0;103.5
64.0;143.0;103.5
64.0;142.0;103.0
64.0;138.0;101.0
64.0;140.0;102.0
64.0;142.0;103.0
64.0;138.0;101.0
64.0;138.0;101.0
64.0;143.0;103.5
64.0;140.0;102.0
64.0;141.0;102.5
64.0;143.0;103.5
64.0;136.0;100.0
64.0;142.0;103.0
64.0;141.0;102.5
64.0;141.0;102.5
64.0;142.0;103.0
64.0;142.0;103.0
64.0;143.0;103.5
64.0;138.0;101.0
64.0;140.0;102.0
64.0;142.0;103.0
64.0;144.0;104.0
64.0;140.0;102.0
64.0;138.0;101.0
64.0;143.0;103.5
64.0;141.0;102.5
64.0;139.0;101.5
64.0;142.0;103.0
64.0;142.0;103.0
64.0;142.0;103.0
64.0;144.0;104.0
64.0;142.0;103.0
64.0;141.0;102.5
64.0;141.0;102.5
64.0;142.0;103.0
64.0;139.0;101.5
64.0;143.0;103.5
64.0;141.0;102.5
64.0;142.0;103.0
64.0;141.0;102.5
64.0;142.0;103.0
64.0;140.0;102.0
64.0;139.0;101.5
64.0;143.0;103.5
64.0;142.0;103.0
64.0;141.0;102.5
64.0;137.0;100.5
64.0;141.0;102.5
64.0;139.0;101.5
64.0;142.0;103.0
64.0;142.0;103.0
64.0;140.0;102.0
57.0;138.0;97.5
57.0;141.0;99.0
57.0;141.0;99.0
57.0;137.0;97.0
57.0;140.0;98.5
57.0;143.0;100.0
57.0;141.0;99.0
57.0;141.0;99.0
57.0;140.0;98.5
57.0;142.0;99.5
57.0;141.0;99.0
57.0;142.0;99.5
57.0;143.0;100.0
57.0;142.0;99.5
57.0;142.0;99.5
57.0;142.0;99.5
57.0;141.0;99.0
57.0;142.0;99.5
57.0;141.0;99.0
57.0;141.0;99.0
57.0;142.0;99.5
57.0;142.0;99.5
57.0;142.0;99.5
57.0;143.0;100.0
57.0;141.0;99.0
57.0;140.0;98.5
57.0;142.0;99.5
57.0;141.0;99.0
57.0;143.0;100.0
57.0;143.0;100.0
57.0;142.0;99.5
57.0;139.0;98.0
57.0;143.0;100.0
57.0;143.0;100.0
57.0;140.0;98.5
57.0;143.0;100.0
57.0;142.0;99.5
57.0;143.0;100.0
57.0;140.0;98.5
57.0;137.0;97.0
57.0;139.0;98.0
57.0;143.0;100.0
57.0;142.0;99.5
57.0;144.0;100.5
57.0;139.0;98.0
57.0;141.0;99.0
57.0;141.0;99.0
57.0;138.0;97.5
57.0;143.0;100.0
57.0;140.0;98.5
57.0;143.0;100.0
57.0;142.0;99.5
57.0;138.0;97.5
57.0;141.0;99.0
57.0;141.0;99.0
57.0;141.0;99.0
57.0;141.0;99.0
57.0;142.0;99.5
57.0;141.0;99.0
57.0;138.0;97.5
57.0;142.0;99.5
57.0;140.0;98.5
57.0;139.0;98.0
57.0;142.0;99.5
57.0;142.0;99.5
57.0;143.0;100.0
57.0;142.0;99.5
57.0;140.0;98.5
57.0;140.0;98.5
57.0;142.0;99.5
57.0;140.0;98.5
57.0;141.0;99.0
57.0;140.0;98.5
57.0;142.0;99.5
57.0;141.0;99.0
57.0;142.0;99.5
57.0;137.0;97.0
57.0;141.0;99.0
57.0;142.0;99.5
57.0;141.0;99.0
57.0;140.0;98.5
57.0;143.0;100.0
57.0;137.0;97.0
57.0;141.0;99.0
57.0;142.0;99.5
57.0;143.0;100.0
57.0;141.0;99.0
57.0;141.0;99.0
57.0;139.0;98.0
57.0;140.0;98.5
57.0;143.0;100.0
57.0;142.0;99.5
57.0;140.0;98.5
57.0;142.0;99.5
57.0;142.0;99.5
57.0;142.0;99.5
57.0;141.0;99.0
57.0;142.0;99.5
57.0;141.0;99.0
57.0;143.0;100.0
57.0;140.0;98.5
57.0;141.0;99.0
57.0;140.0;98.5
57.0;141.0;99.0
57.0;142.0;99.5
57.0;143.0;100.0
57.0;144.0;100.5
57.0;142.0;99.5
57.0;142.0;99.5
57.0;141.0;99.0
57.0;142.0;99.5
57.0;141.0;99.0
57.0;143.0;100.0
57.0;140.0;98.5
57.0;142.0;99.5
57.0;143.0;100.0
57.0;141.0;99.0
57.0;140.0;98.5
57.0;141.0;99.0
57.0;141.0;99.0
57.0;143.0;100.0
57.0;143.0;100.0
57.0;142.0;99.5
57.0;142.0;99.5
57.0;141.0;99.0
57.0;143.0;100.0
57.0;142.0;99.5
57.0;141.0;99.0
57.0;143.0;100.0
57.0;140.0;98.5
57.0;140.0;98.5
57.0;141.0;99.0
57.0;138.0;97.5
57.0;144.0;100.5
57.0;142.0;99.5
57.0;143.0;100.0
57.0;142.0;99.5
57.0;141.0;99.0
57.0;141.0;99.0
57.0;142.0;99.5
57.0;142.0;99.5
57.0;144.0;100.5
57.0;140.0;98.5
57.0;139.0;98.0
57.0;144.0;100.5
57.0;142.0;99.5
57.0;142.0;99.5
57.0;142.0;99.5
57.0;142.0;99.5
57.0;142.0;99.5
57.0;141.0;99.0
57.0;143.0;100.0
57.0;143.0;100.0
57.0;141.0;99.0
57.0;139.0;98.0
57.0;141.0;99.0
