99.0;136.0;117.5
99.0;136.0;117.5
99.0;137.0;118.0
85.0;133.0;109.0
85.0;131.0;108.0
85.0;130.0;107.5
85.0;136.0;110.5
85.0;122.0;103.5
85.0;130.0;107.5
85.0;128.0;106.5
84.0;130.0;107.0
84.0;125.0;104.5
84.0;115.0;99.5
84.0;126.0;105.0
84.0;133.0;108.5
84.0;132.0;108.0
84.0;131.0;107.5
84.0;131.0;107.5
84.0;131.0;107.5
84.0;126.0;105.0
84.0;131.0;107.5
81.0;124.0;102.5
55.0;132.0;93.5
55.0;141.0;98.0
55.0;131.0;93.0
55.0;135.0;95.0
55.0;130.0;92.5
55.0;140.0;97.5
55.0;129.0;92.0
55.0;136.0;95.5
55.0;126.0;90.5
55.0;135.0;95.0
55.0;136.0;95.5
55.0;132.0;93.5
55.0;138.0;96.5
55.0;124.0;89.5
55.0;127.0;91.0
55.0;130.0;92.5
55.0;121.0;88.0
55.0;137.0;96.0
55.0;139.0;97.0
55.0;130.0;92.5
55.0;126.0;90.5
55.0;143.0;99.0
55.0;137.0;96.0
55.0;134.0;94.5
55.0;133.0;94.0
55.0;123.0;89.0
55.0;131.0;93.0
55.0;117.0;86.0
55.0;129.0;92.0
55.0;129.0;92.0
55.0;131.0;93.0
55.0;130.0;92.5
55.0;133.0;94.0
55.0;132.0;93.5
55.0;135.0;95.0
55.0;129.0;92.0
55.0;138.0;96.5
55.0;129.0;92.0
55.0;128.0;91.5
55.0;131.0;93.0
55.0;136.0;95.5
55.0;135.0;95.0
55.0;129.0;92.0
55.0;129.0;92.0
55.0;121.0;88.0
55.0;131.0;93.0
55.0;139.0;97.0
55.0;127.0;91.0
55.0;132.0;93.5
55.0;131.0;93.0
55.0;130.0;92.5
55.0;123.0;89.0
55.0;132.0;93.5
55.0;131.0;93.0
55.0;132.0;93.5
55.0;124.0;89.5
55.0;135.0;95.0
55.0;131.0;93.0
55.0;127.0;91.0
55.0;137.0;96.0
55.0;141.0;98.0
55.0;131.0;93.0
55.0;136.0;95.5
55.0;130.0;92.5
55.0;143.0;99.0
55.0;143.0;99.0
55.0;132.0;93.5
55.0;126.0;90.5
55.0;130.0;92.5
55.0;126.0;90.5
55.0;133.0;94.0
55.0;134.0;94.5
55.0;129.0;92.0
55.0;129.0;92.0
55.0;129.0;92.0
55.0;131.0;93.0
55.0;128.0;91.5
55.0;119.0;87.0
55.0;127.0;91.0
55.0;128.0;91.5
55.0;144.0;99.5
55.0;138.0;96.5
55.0;134.0;94.5
55.0;135.0;95.0
55.0;128.0;91.5
55.0;127.0;91.0
55.0;130.0;92.5
55.0;137.0;96.0
55.0;140.0;97.5
55.0;134.0;94.5
55.0;132.0;93.5
55.0;130.0;92.5
55.0;138.0;96.5
55.0;124.0;89.5
55.0;132.0;93.5
55.0;129.0;92.0
55.0;137.0;96.0
55.0;121.0;88.0
55.0;132.0;93.5
55.0;125.0;90.0
55.0;136.0;95.5
55.0;133.0;94.0
55.0;129.0;92.0
55.0;120.0;87.5
55.0;133.0;94.0
55.0;143.0;99.0
55.0;126.0;90.5
55.0;129.0;92.0
55.0;130.0;92.5
55.0;132.0;93.5
55.0;137.0;96.0
55.0;127.0;91.0
55.0;126.0;90.5
55.0;141.0;98.0
55.0;130.0;92.5
55.0;137.0;96.0
55.0;117.0;86.0
55.0;132.0;93.5
55.0;128.0;91.5
55.0;132.0;93.5
55.0;135.0;95.0
55.0;136.0;95.5
55.0;134.0;94.5
55.0;137.0;96.0
55.0;130.0;92.5
55.0;128.0;91.5
55.0;138.0;96.5
55.0;137.0;96.0
55.0;131.0;93.0
55.0;125.0;90.0
55.0;133.0;94.0
55.0;137.0;96.0
55.0;136.0;95.5
55.0;129.0;92.0
55.0;131.0;93.0
55.0;124.0;89.5
55.0;130.0;92.5
55.0;128.0;91.5
55.0;131.0;93.0
55.0;143.0;99.0
55.0;137.0;96.0
55.0;130.0;92.5
55.0;131.0;93.0
55.0;137.0;96.0
55.0;134.0;94.5
55.0;135.0;95.0
55.0;137.0;96.0
55.0;135.0;95.0
55.0;128.0;91.5
55.0;134.0;94.5
55.0;136.0;95.5
55.0;126.0;90.5
55.0;132.0;93.5
55.0;135.0;95.0
55.0;130.0;92.5
55.0;134.0;94.5
55.0;129.0;92.0
55.0;135.0;95.0
55.0;135.0;95.0
55.0;137.0;96.0
55.0;141.0;98.0
55.0;136.0;95.5
55.0;127.0;91.0
55.0;136.0;95.5
55.0;126.0;90.5
55.0;133.0;94.0
55.0;137.0;96.0
55.0;121.0;88.0
55.0;136.0;95.5
55.0;138.0;96.5
55.0;132.0;93.5
55.0;132.0;93.5
55.0;131.0;93.0
55.0;134.0;94.5
55.0;125.0;90.0
55.0;136.0;95.5
55.0;135.0;95.0
55.0;125.0;90.0
55.0;139.0;97.0
55.0;133.0;94.0
55.0;132.0;93.5
55.0;138.0;96.5
55.0;135.0;95.0
55.0;119.0;87.0
55.0;130.0;92.5
55.0;135.0;95.0
55.0;134.0;94.5
55.0;137.0;96.0
55.0;131.0;93.0
55.0;131.0;93.0
55.0;130.0;92.5
55.0;128.0;91.5
55.0;133.0;94.0
55.0;130.0;92.5
55.0;131.0;93.0
55.0;127.0;91.0
55.0;131.0;93.0
55.0;132.0;93.5
55.0;131.0;93.0
55.0;138.0;96.5
55.0;142.0;98.5
55.0;122.0;88.5
55.0;132.0;93.5
55.0;129.0;92.0
55.0;132.0;93.5
55.0;137.0;96.0
55.0;139.0;97.0
55.0;141.0;98.0
55.0;135.0;95.0
55.0;131.0;93.0
55.0;131.0;93.0
55.0;135.0;95.0
55.0;131.0;93.0
55.0;132.0;93.5
55.0;130.0;92.5
55.0;136.0;95.5
55.0;131.0;93.0
55.0;136.0;95.5
55.0;132.0;93.5
55.0;134.0;94.5
55.0;140.0;97.5
55.0;126.0;90.5
55.0;137.0;96.0
55.0;131.0;93.0
55.0;137.0;96.0
55.0;135.0;95.0
55.0;136.0;95.5
55.0;130.0;92.5
55.0;132.0;93.5
55.0;136.0;95.5
55.0;125.0;90.0
55.0;132.0;93.5
55.0;125.0;90.0
55.0;134.0;94.5
55.0;132.0;93.5
55.0;135.0;95.0
55.0;130.0;92.5
55.0;136.0;95.5
55.0;131.0;93.0
55.0;117.0;86.0
55.0;137.0;96.0
55.0;136.0;95.5
55.0;130.0;92.5
55.0;126.0;90.5
55.0;127.0;91.0
55.0;130.0;92.5
55.0;132.0;93.5
55.0;133.0;94.0
55.0;138.0;96.5
55.0;134.0;94.5
55.0;134.0;94.5
55.0;141.0;98.0
55.0;130.0;92.5
55.0;138.0;96.5
55.0;138.0;96.5
55.0;130.0;92.5
55.0;128.0;91.5
55.0;133.0;94.0
55.0;133.0;94.0
55.0;136.0;95.5
55.0;125.0;90.0
55.0;136.0;95.5
55.0;132.0;93.5
55.0;135.0;95.0
55.0;117.0;86.0
55.0;133.0;94.0
55.0;134.0;94.5
55.0;135.0;95.0
55.0;126.0;90.5
55.0;126.0;90.5
55.0;123.0;89.0
55.0;140.0;97.5
55.0;136.0;95.5
55.0;130.0;92.5
55.0;127.0;91.0
55.0;143.0;99.0
55.0;131.0;93.0
55.0;135.0;95.0
55.0;130.0;92.5
55.0;130.0;92.5
55.0;120.0;87.5
55.0;126.0;90.5
55.0;124.0;89.5
55.0;132.0;93.5
55.0;135.0;95.0
55.0;135.0;95.0
55.0;135.0;95.0
55.0;129.0;92.0
55.0;131.0;93.0
55.0;138.0;96.5
55.0;128.0;91.5
55.0;131.0;93.0
55.0;131.0;93.0
55.0;133.0;94.0
55.0;127.0;91.0
55.0;130.0;92.5
55.0;131.0;93.0
55.0;131.0;93.0
55.0;139.0;97.0
55.0;132.0;93.5
55.0;128.0;91.5
55.0;136.0;95.5
55.0;136.0;95.5
55.0;127.0;91.0
55.0;127.0;91.0
55.0;134.0;94.5
55.0;133.0;94.0
55.0;136.0;95.5
55.0;131.0;93.0
55.0;130.0;92.5
55.0;126.0;90.5
55.0;136.0;95.5
55.0;128.0;91.5
55.0;132.0;93.5
55.0;135.0;95.0
55.0;130.0;92.5
55.0;134.0;94.5
55.0;122.0;88.5
55.0;132.0;93.5
55.0;129.0;92.0
55.0;129.0;92.0
55.0;132.0;93.5
55.0;139.0;97.0
55.0;129.0;92.0
55.0;127.0;91.0
55.0;134.0;94.5
55.0;136.0;95.5
55.0;126.0;90.5
55.0;135.0;95.0
55.0;132.0;93.5
55.0;132.0;93.5
55.0;128.0;91.5
55.0;132.0;93.5
55.0;127.0;91.0
55.0;135.0;95.0
55.0;137.0;96.0
55.0;124.0;89.5
55.0;135.0;95.0
55.0;132.0;93.5
55.0;130.0;92.5
55.0;131.0;93.0
55.0;135.0;95.0
55.0;136.0;95.5
55.0;132.0;93.5
55.0;136.0;95.5
55.0;132.0;93.5
55.0;140.0;97.5
55.0;124.0;89.5
55.0;137.0;96.0
55.0;133.0;94.0
55.0;129.0;92.0
55.0;124.0;89.5
55.0;129.0;92.0
55.0;136.0;95.5
55.0;129.0;92.0
55.0;126.0;90.5
55.0;132.0;93.5
55.0;131.0;93.0
55.0;134.0;94.5
55.0;130.0;92.5
55.0;126.0;90.5
55.0;134.0;94.5
55.0;139.0;97.0
55.0;138.0;96.5
55.0;132.0;93.5
55.0;126.0;90.5
55.0;131.0;93.0
55.0;137.0;96.0
55.0;132.0;93.5
55.0;128.0;91.5
55.0;133.0;94.0
55.0;142.0;98.5
55.0;130.0;92.5
55.0;129.0;92.0
55.0;128.0;91.5
55.0;133.0;94.0
55.0;130.0;92.5
55.0;128.0;91.5
55.0;138.0;96.5
55.0;138.0;96.5
55.0;133.0;94.0
55.0;135.0;95.0
55.0;128.0;91.5
55.0;133.0;94.0
55.0;124.0;89.5
55.0;135.0;95.0
55.0;118.0;86.5
55.0;133.0;94.0
55.0;137.0;96.0
55.0;138.0;96.5
55.0;133.0;94.0
55.0;130.0;92.5
55.0;126.0;90.5
55.0;126.0;90.5
55.0;136.0;95.5
55.0;128.0;91.5
55.0;130.0;92.5
55.0;135.0;95.0
55.0;132.0;93.5
55.0;133.0;94.0
55.0;138.0;96.5
55.0;133.0;94.0
55.0;137.0;96.0
55.0;130.0;92.5
55.0;133.0;94.0
55.0;126.0;90.5
55.0;128.0;91.5
55.0;139.0;97.0
55.0;135.0;95.0
55.0;129.0;92.0
55.0;134.0;94.5
55.0;130.0;92.5
55.0;132.0;93.5
55.0;131.0;93.0
55.0;132.0;93.5
55.0;137.0;96.0
55.0;125.0;90.0
55.0;136.0;95.5
55.0;132.0;93.5
55.0;132.0;93.5
55.0;135.0;95.0
55.0;142.0;98.5
55.0;134.0;94.5
55.0;130.0;92.5
55.0;125.0;90.0
55.0;130.0;92.5
55.0;126.0;90.5
55.0;138.0;96.5
55.0;135.0;95.0
55.0;128.0;91.5
55.0;138.0;96.5
55.0;127.0;91.0
55.0;135.0;95.0
55.0;135.0;95.0
55.0;137.0;96.0
55.0;129.0;92.0
55.0;134.0;94.5
55.0;136.0;95.5
55.0;136.0;95.5
55.0;125.0;90.0
55.0;133.0;94.0
55.0;126.0;90.5
55.0;124.0;89.5
55.0;130.0;92.5
55.0;136.0;95.5
55.0;139.0;97.0
55.0;134.0;94.5
55.0;131.0;93.0
55.0;126.0;90.5
55.0;136.0;95.5
55.0;132.0;93.5
55.0;126.0;90.5
55.0;121.0;88.0
55.0;131.0;93.0
55.0;136.0;95.5
55.0;131.0;93.0
55.0;134.0;94.5
55.0;127.0;91.0
55.0;140.0;97.5
55.0;140.0;97.5
55.0;131.0;93.0
55.0;135.0;95.0
55.0;130.0;92.5
55.0;127.0;91.0
55.0;131.0;93.0
55.0;136.0;95.5
55.0;129.0;92.0
55.0;121.0;88.0
55.0;132.0;93.5
55.0;130.0;92.5
55.0;131.0;93.0
55.0;125.0;90.0
55.0;136.0;95.5
55.0;130.0;92.5
55.0;128.0;91.5
55.0;134.0;94.5
55.0;132.0;93.5
55.0;142.0;98.5
55.0;130.0;92.5
55.0;130.0;92.5
55.0;136.0;95.5
55.0;135.0;95.0
55.0;136.0;95.5
55.0;137.0;96.0
55.0;137.0;96.0
55.0;136.0;95.5
55.0;131.0;93.0
55.0;122.0;88.5
55.0;136.0;95.5
55.0;133.0;94.0
55.0;136.0;95.5
55.0;132.0;93.5
55.0;137.0;96.0
55.0;142.0;98.5
55.0;130.0;92.5
55.0;141.0;98.0
55.0;135.0;95.0
55.0;127.0;91.0
55.0;142.0;98.5
55.0;133.0;94.0
55.0;136.0;95.5
55.0;131.0;93.0
55.0;138.0;96.5
55.0;139.0;97.0
55.0;124.0;89.5
55.0;126.0;90.5
55.0;132.0;93.5
55.0;142.0;98.5
55.0;123.0;89.0
55.0;135.0;95.0
55.0;132.0;93.5
55.0;129.0;92.0
55.0;126.0;90.5
55.0;130.0;92.5
55.0;118.0;86.5
55.0;139.0;97.0
55.0;123.0;89.0
55.0;136.0;95.5
55.0;131.0;93.0
55.0;133.0;94.0
55.0;135.0;95.0
55.0;130.0;92.5
55.0;135.0;95.0
55.0;127.0;91.0
55.0;136.0;95.5
55.0;134.0;94.5
55.0;137.0;96.0
55.0;124.0;89.5
55.0;135.0;95.0
55.0;129.0;92.0
55.0;125.0;90.0
55.0;128.0;91.5
55.0;127.0;91.0
55.0;132.0;93.5
55.0;132.0;93.5
55.0;126.0;90.5
55.0;130.0;92.5
55.0;138.0;96.5
55.0;132.0;93.5
55.0;138.0;96.5
55.0;127.0;91.0
55.0;130.0;92.5
55.0;137.0;96.0
55.0;132.0;93.5
55.0;129.0;92.0
55.0;134.0;94.5
55.0;134.0;94.5
55.0;125.0;90.0
55.0;143.0;99.0
55.0;134.0;94.5
55.0;138.0;96.5
55.0;135.0;95.0
55.0;126.0;90.5
55.0;143.0;99.0
55.0;125.0;90.0
55.0;133.0;94.0
55.0;133.0;94.0
55.0;130.0;92.5
55.0;132.0;93.5
55.0;136.0;95.5
55.0;143.0;99.0
55.0;133.0;94.0
55.0;124.0;89.5
55.0;129.0;92.0
55.0;131.0;93.0
55.0;135.0;95.0
55.0;130.0;92.5
55.0;132.0;93.5
55.0;127.0;91.0
55.0;133.0;94.0
55.0;128.0;91.5
55.0;132.0;93.5
55.0;134.0;94.5
55.0;125.0;90.0
55.0;128.0;91.5
55.0;136.0;95.5
55.0;126.0;90.5
55.0;127.0;91.0
55.0;136.0;95.5
55.0;131.0;93.0
55.0;137.0;96.0
55.0;130.0;92.5
55.0;138.0;96.5
55.0;135.0;95.0
55.0;127.0;91.0
55.0;128.0;91.5
55.0;130.0;92.5
55.0;132.0;93.5
55.0;130.0;92.5
55.0;136.0;95.5
55.0;129.0;92.0
55.0;143.0;99.0
55.0;131.0;93.0
55.0;132.0;93.5
55.0;131.0;93.0
55.0;136.0;95.5
55.0;130.0;92.5
55.0;132.0;93.5
55.0;135.0;95.0
55.0;128.0;91.5
55.0;128.0;91.5
55.0;138.0;96.5
55.0;132.0;93.5
55.0;132.0;93.5
55.0;131.0;93.0
55.0;137.0;96.0
55.0;135.0;95.0
55.0;133.0;94.0
55.0;133.0;94.0
55.0;134.0;94.5
55.0;124.0;89.5
55.0;136.0;95.5
55.0;133.0;94.0
55.0;126.0;90.5
55.0;137.0;96.0
55.0;136.0;95.5
55.0;130.0;92.5
55.0;133.0;94.0
55.0;137.0;96.0
55.0;124.0;89.5
55.0;137.0;96.0
55.0;134.0;94.5
55.0;136.0;95.5
55.0;136.0;95.5
55.0;132.0;93.5
55.0;126.0;90.5
55.0;135.0;95.0
55.0;121.0;88.0
55.0;132.0;93.5
55.0;134.0;94.5
55.0;139.0;97.0
55.0;136.0;95.5
55.0;129.0;92.0
55.0;135.0;95.0
55.0;129.0;92.0
55.0;135.0;95.0
55.0;132.0;93.5
55.0;136.0;95.5
55.0;126.0;90.5
55.0;131.0;93.0
55.0;136.0;95.5
55.0;136.0;95.5
55.0;135.0;95.0
55.0;132.0;93.5
55.0;130.0;92.5
55.0;128.0;91.5
55.0;133.0;94.0
55.0;136.0;95.5
55.0;132.0;93.5
55.0;135.0;95.0
55.0;142.0;98.5
55.0;125.0;90.0
55.0;137.0;96.0
55.0;135.0;95.0
55.0;133.0;94.0
55.0;130.0;92.5
55.0;128.0;91.5
55.0;138.0;96.5
55.0;132.0;93.5
55.0;135.0;95.0
55.0;133.0;94.0
55.0;129.0;92.0
55.0;142.0;98.5
55.0;136.0;95.5
55.0;135.0;95.0
55.0;131.0;93.0
55.0;121.0;88.0
55.0;140.0;97.5
55.0;136.0;95.5
55.0;123.0;89.0
55.0;131.0;93.0
55.0;133.0;94.0
55.0;141.0;98.0
55.0;132.0;93.5
55.0;131.0;93.0
55.0;130.0;92.5
55.0;118.0;86.5
55.0;128.0;91.5
55.0;138.0;96.5
55.0;135.0;95.0
55.0;131.0;93.0
55.0;129.0;92.0
55.0;134.0;94.5
55.0;132.0;93.5
55.0;136.0;95.5
55.0;131.0;93.0
55.0;133.0;94.0
55.0;123.0;89.0
55.0;131.0;93.0
55.0;139.0;97.0
55.0;132.0;93.5
55.0;133.0;94.0
55.0;131.0;93.0
55.0;133.0;94.0
55.0;129.0;92.0
55.0;131.0;93.0
55.0;131.0;93.0
55.0;138.0;96.5
55.0;128.0;91.5
55.0;133.0;94.0
55.0;133.0;94.0
55.0;127.0;91.0
55.0;134.0;94.5
55.0;128.0;91.5
55.0;138.0;96.5
55.0;135.0;95.0
55.0;133.0;94.0
55.0;127.0;91.0
55.0;131.0;93.0
55.0;137.0;96.0
55.0;140.0;97.5
55.0;131.0;93.0
55.0;130.0;92.5
55.0;136.0;95.5
55.0;126.0;90.5
55.0;131.0;93.0
55.0;131.0;93.0
55.0;132.0;93.5
55.0;141.0;98.0
55.0;135.0;95.0
55.0;137.0;96.0
55.0;127.0;91.0
55.0;125.0;90.0
55.0;128.0;91.5
55.0;138.0;96.5
55.0;126.0;90.5
55.0;122.0;88.5
55.0;129.0;92.0
55.0;131.0;93.0
55.0;128.0;91.5
55.0;137.0;96.0
55.0;128.0;91.5
55.0;130.0;92.5
55.0;135.0;95.0
55.0;135.0;95.0
55.0;131.0;93.0
55.0;122.0;88.5
55.0;133.0;94.0
55.0;126.0;90.5
55.0;130.0;92.5
55.0;131.0;93.0
55.0;131.0;93.0
55.0;132.0;93.5
55.0;134.0;94.5
55.0;135.0;95.0
55.0;140.0;97.5
55.0;120.0;87.5
55.0;131.0;93.0
55.0;135.0;95.0
55.0;132.0;93.5
55.0;129.0;92.0
55.0;137.0;96.0
55.0;136.0;95.5
55.0;132.0;93.5
55.0;135.0;95.0
55.0;130.0;92.5
55.0;133.0;94.0
55.0;136.0;95.5
55.0;126.0;90.5
55.0;121.0;88.0
55.0;133.0;94.0
55.0;136.0;95.5
55.0;128.0;91.5
55.0;135.0;95.0
55.0;131.0;93.0
55.0;138.0;96.5
55.0;126.0;90.5
55.0;129.0;92.0
55.0;122.0;88.5
55.0;134.0;94.5
55.0;142.0;98.5
55.0;131.0;93.0
55.0;131.0;93.0
55.0;129.0;92.0
55.0;131.0;93.0
55.0;131.0;93.0
55.0;131.0;93.0
55.0;129.0;92.0
55.0;130.0;92.5
55.0;115.0;85.0
55.0;132.0;93.5
55.0;134.0;94.5
55.0;123.0;89.0
55.0;134.0;94.5
55.0;135.0;95.0
55.0;129.0;92.0
55.0;130.0;92.5
55.0;131.0;93.0
55.0;136.0;95.5
55.0;131.0;93.0
55.0;143.0;99.0
55.0;126.0;90.5
55.0;130.0;92.5
55.0;132.0;93.5
55.0;135.0;95.0
55.0;127.0;91.0
55.0;131.0;93.0
55.0;121.0;88.0
55.0;129.0;92.0
55.0;127.0;91.0
55.0;128.0;91.5
55.0;138.0;96.5
55.0;135.0;95.0
55.0;127.0;91.0
55.0;134.0;94.5
55.0;136.0;95.5
55.0;129.0;92.0
55.0;130.0;92.5
55.0;132.0;93.5
55.0;137.0;96.0
55.0;138.0;96.5
55.0;131.0;93.0
55.0;131.0;93.0
55.0;126.0;90.5
55.0;136.0;95.5
55.0;138.0;96.5
55.0;132.0;93.5
55.0;135.0;95.0
55.0;132.0;93.5
55.0;130.0;92.5
55.0;133.0;94.0
55.0;131.0;93.0
55.0;134.0;94.5
55.0;132.0;93.5
55.0;125.0;90.0
55.0;131.0;93.0
55.0;134.0;94.5
55.0;140.0;97.5
55.0;140.0;97.5
55.0;134.0;94.5
55.0;136.0;95.5
55.0;124.0;89.5
55.0;132.0;93.5
55.0;126.0;90.5
55.0;135.0;95.0
55.0;134.0;94.5
55.0;130.0;92.5
55.0;129.0;92.0
55.0;140.0;97.5
55.0;137.0;96.0
55.0;136.0;95.5
55.0;128.0;91.5
55.0;128.0;91.5
55.0;132.0;93.5
55.0;140.0;97.5
55.0;129.0;92.0
55.0;131.0;93.0
55.0;128.0;91.5
55.0;131.0;93.0
55.0;135.0;95.0
55.0;133.0;94.0
55.0;122.0;88.5
55.0;130.0;92.5
55.0;130.0;92.5
55.0;136.0;95.5
55.0;122.0;88.5
55.0;139.0;97.0
55.0;126.0;90.5
55.0;126.0;90.5
55.0;126.0;90.5
55.0;132.0;93.5
55.0;128.0;91.5
55.0;128.0;91.5
55.0;121.0;88.0
55.0;116.0;85.5
55.0;137.0;96.0
55.0;142.0;98.5
55.0;130.0;92.5
55.0;122.0;88.5
55.0;137.0;96.0
55.0;134.0;94.5
55.0;131.0;93.0
55.0;136.0;95.5
55.0;136.0;95.5
55.0;132.0;93.5
55.0;141.0;98.0
55.0;126.0;90.5
55.0;135.0;95.0
55.0;136.0;95.5
55.0;136.0;95.5
55.0;142.0;98.5
55.0;126.0;90.5
55.0;135.0;95.0
55.0;128.0;91.5
55.0;128.0;91.5
55.0;139.0;97.0
55.0;137.0;96.0
55.0;131.0;93.0
55.0;131.0;93.0
55.0;136.0;95.5
55.0;142.0;98.5
55.0;134.0;94.5
55.0;138.0;96.5
55.0;130.0;92.5
55.0;132.0;93.5
55.0;129.0;92.0
55.0;132.0;93.5
55.0;136.0;95.5
55.0;126.0;90.5
55.0;141.0;98.0
55.0;141.0;98.0
55.0;125.0;90.0
55.0;132.0;93.5
55.0;125.0;90.0
55.0;137.0;96.0
55.0;130.0;92.5
55.0;124.0;89.5
55.0;131.0;93.0
55.0;130.0;92.5
55.0;139.0;97.0
55.0;136.0;95.5
55.0;138.0;96.5
55.0;127.0;91.0
55.0;142.0;98.5
55.0;119.0;87.0
55.0;131.0;93.0
55.0;129.0;92.0
55.0;126.0;90.5
55.0;132.0;93.5
55.0;134.0;94.5
55.0;130.0;92.5
55.0;126.0;90.5
55.0;135.0;95.0
55.0;126.0;90.5
55.0;136.0;95.5
55.0;137.0;96.0
55.0;135.0;95.0
55.0;126.0;90.5
55.0;119.0;87.0
55.0;139.0;97.0
55.0;126.0;90.5
55.0;133.0;94.0
55.0;128.0;91.5
55.0;136.0;95.5
55.0;130.0;92.5
55.0;137.0;96.0
55.0;136.0;95.5
55.0;120.0;87.5
55.0;137.0;96.0
55.0;130.0;92.5
55.0;127.0;91.0
55.0;131.0;93.0
55.0;140.0;97.5
55.0;134.0;94.5
55.0;138.0;96.5
55.0;136.0;95.5
55.0;133.0;94.0
55.0;135.0;95.0
55.0;120.0;87.5
55.0;131.0;93.0
55.0;122.0;88.5
55.0;129.0;92.0
55.0;125.0;90.0
55.0;128.0;91.5
55.0;126.0;90.5
55.0;142.0;98.5
55.0;136.0;95.5
55.0;141.0;98.0
55.0;128.0;91.5
55.0;130.0;92.5
55.0;136.0;95.5
55.0;125.0;90.0
55.0;134.0;94.5
55.0;127.0;91.0
55.0;143.0;99.0
55.0;135.0;95.0
55.0;137.0;96.0
55.0;126.0;90.5
55.0;130.0;92.5
55.0;133.0;94.0
55.0;133.0;94.0
55.0;131.0;93.0
55.0;127.0;91.0
55.0;136.0;95.5
55.0;131.0;93.0
55.0;132.0;93.5
55.0;133.0;94.0
55.0;139.0;97.0
