99.0;136.0;117.5
85.0;140.0;112.5
85.0;140.0;112.5
85.0;140.0;112.5
80.0;142.0;111.0
80.0;143.0;111.5
80.0;143.0;111.5
80.0;137.0;108.5
80.0;142.0;111.0
80.0;142.0;111.0
80.0;138.0;109.0
80.0;138.0;109.0
80.0;141.0;110.5
80.0;139.0;109.5
80.0;143.0;111.5
73.0;137.0;105.0
73.0;138.0;105.5
73.0;138.0;105.5
73.0;141.0;107.0
73.0;132.0;102.5
73.0;139.0;106.0
73.0;141.0;107.0
73.0;139.0;106.0
73.0;142.0;107.5
73.0;138.0;105.5
73.0;135.0;104.0
66.0;137.0;101.5
66.0;140.0;103.0
66.0;136.0;101.0
66.0;138.0;102.0
66.0;141.0;103.5
66.0;144.0;105.0
66.0;142.0;104.0
66.0;141.0;103.5
66.0;141.0;103.5
66.0;135.0;100.5
66.0;140.0;103.0
66.0;137.0;101.5
66.0;136.0;101.0
66.0;143.0;104.5
66.0;141.0;103.5
66.0;135.0;100.5
66.0;142.0;104.0
66.0;135.0;100.5
66.0;139.0;102.5
66.0;142.0;104.0
66.0;142.0;104.0
63.0;141.0;102.0
63.0;140.0;101.5
63.0;136.0;99.5
63.0;137.0;100.0
63.0;137.0;100.0
63.0;139.0;101.0
63.0;137.0;100.0
63.0;142.0;102.5
63.0;140.0;101.5
63.0;138.0;100.5
63.0;137.0;100.0
63.0;137.0;100.0
63.0;140.0;101.5
63.0;141.0;102.0
63.0;135.0;99.0
63.0;139.0;101.0
63.0;137.0;100.0
63.0;143.0;103.0
61.0;138.0;99.5
61.0;142.0;101.5
61.0;138.0;99.5
61.0;135.0;98.0
61.0;136.0;98.5
61.0;136.0;98.5
61.0;137.0;99.0
61.0;141.0;101.0
61.0;137.0;99.0
61.0;139.0;100.0
61.0;142.0;101.5
61.0;142.0;101.5
61.0;142.0;101.5
61.0;138.0;99.5
61.0;141.0;101.0
61.0;136.0;98.5
61.0;141.0;101.0
61.0;139.0;100.0
61.0;143.0;102.0
61.0;137.0;99.0
61.0;141.0;101.0
59.0;140.0;99.5
59.0;139.0;99.0
59.0;135.0;97.0
59.0;136.0;97.5
59.0;136.0;97.5
59.0;141.0;100.0
59.0;142.0;100.5
59.0;138.0;98.5
59.0;141.0;100.0
59.0;140.0;99.5
59.0;133.0;96.0
59.0;143.0;101.0
59.0;142.0;100.5
59.0;142.0;100.5
59.0;138.0;98.5
59.0;136.0;97.5
59.0;137.0;98.0
59.0;141.0;100.0
59.0;136.0;97.5
59.0;136.0;97.5
59.0;137.0;98.0
59.0;136.0;97.5
51.0;141.0;96.0
51.0;137.0;94.0
51.0;137.0;94.0
51.0;140.0;95.5
51.0;138.0;94.5
51.0;137.0;94.0
51.0;134.0;92.5
51.0;137.0;94.0
51.0;136.0;93.5
51.0;137.0;94.0
51.0;140.0;95.5
51.0;143.0;97.0
51.0;138.0;94.5
51.0;140.0;95.5
51.0;138.0;94.5
51.0;141.0;96.0
51.0;141.0;96.0
51.0;140.0;95.5
51.0;141.0;96.0
51.0;142.0;96.5
51.0;141.0;96.0
51.0;136.0;93.5
51.0;138.0;94.5
51.0;142.0;96.5
51.0;139.0;95.0
51.0;137.0;94.0
51.0;140.0;95.5
51.0;140.0;95.5
51.0;137.0;94.0
51.0;137.0;94.0
51.0;134.0;92.5
51.0;142.0;96.5
51.0;138.0;94.5
51.0;144.0;97.5
51.0;137.0;94.0
51.0;141.0;96.0
51.0;142.0;96.5
51.0;141.0;96.0
51.0;141.0;96.0
51.0;141.0;96.0
51.0;138.0;94.5
51.0;137.0;94.0
51.0;140.0;95.5
51.0;143.0;97.0
51.0;138.0;94.5
51.0;137.0;94.0
51.0;137.0;94.0
51.0;140.0;95.5
51.0;137.0;94.0
51.0;139.0;95.0
51.0;141.0;96.0
51.0;139.0;95.0
51.0;135.0;93.0
51.0;141.0;96.0
51.0;136.0;93.5
51.0;143.0;97.0
51.0;137.0;94.0
51.0;138.0;94.5
51.0;139.0;95.0
51.0;137.0;94.0
51.0;138.0;94.5
51.0;143.0;97.0
51.0;136.0;93.5
51.0;140.0;95.5
51.0;140.0;95.5
51.0;137.0;94.0
51.0;139.0;95.0
51.0;136.0;93.5
51.0;141.0;96.0
51.0;138.0;94.5
51.0;138.0;94.5
51.0;142.0;96.5
51.0;142.0;96.5
51.0;142.0;96.5
51.0;137.0;94.0
51.0;142.0;96.5
51.0;140.0;95.5
51.0;137.0;94.0
51.0;143.0;97.0
51.0;141.0;96.0
51.0;140.0;95.5
51.0;142.0;96.5
51.0;142.0;96.5
51.0;139.0;95.0
51.0;139.0;95.0
51.0;136.0;93.5
51.0;143.0;97.0
51.0;137.0;94.0
51.0;142.0;96.5
51.0;136.0;93.5
51.0;138.0;94.5
51.0;143.0;97.0
51.0;140.0;95.5
51.0;140.0;95.5
51.0;140.0;95.5
51.0;143.0;97.0
51.0;139.0;95.0
51.0;136.0;93.5
51.0;141.0;96.0
51.0;138.0;94.5
51.0;142.0;96.5
51.0;140.0;95.5
51.0;140.0;95.5
51.0;143.0;97.0
51.0;138.0;94.5
51.0;138.0;94.5
51.0;138.0;94.5
51.0;140.0;95.5
51.0;138.0;94.5
51.0;142.0;96.5
51.0;135.0;93.0
51.0;137.0;94.0
51.0;135.0;93.0
51.0;137.0;94.0
51.0;136.0;93.5
51.0;141.0;96.0
51.0;141.0;96.0
51.0;142.0;96.5
51.0;139.0;95.0
51.0;144.0;97.5
51.0;142.0;96.5
51.0;138.0;94.5
51.0;137.0;94.0
51.0;139.0;95.0
51.0;137.0;94.0
51.0;137.0;94.0
51.0;139.0;95.0
51.0;141.0;96.0
51.0;136.0;93.5
51.0;137.0;94.0
51.0;138.0;94.5
51.0;141.0;96.0
51.0;143.0;97.0
51.0;144.0;97.5
51.0;137.0;94.0
51.0;139.0;95.0
51.0;141.0;96.0
51.0;137.0;94.0
51.0;142.0;96.5
51.0;142.0;96.5
51.0;136.0;93.5
51.0;142.0;96.5
51.0;134.0;92.5
51.0;132.0;91.5
51.0;140.0;95.5
51.0;140.0;95.5
51.0;137.0;94.0
51.0;139.0;95.0
51.0;139.0;95.0
51.0;138.0;94.5
51.0;138.0;94.5
51.0;138.0;94.5
51.0;138.0;94.5
51.0;138.0;94.5
51.0;141.0;96.0
51.0;142.0;96.5
51.0;139.0;95.0
51.0;143.0;97.0
51.0;141.0;96.0
51.0;143.0;97.0
51.0;143.0;97.0
51.0;139.0;95.0
51.0;138.0;94.5
51.0;137.0;94.0
51.0;142.0;96.5
51.0;138.0;94.5
51.0;136.0;93.5
51.0;141.0;96.0
51.0;142.0;96.5
51.0;141.0;96.0
51.0;139.0;95.0
51.0;136.0;93.5
51.0;137.0;94.0
51.0;140.0;95.5
51.0;137.0;94.0
51.0;143.0;97.0
51.0;137.0;94.0
51.0;142.0;96.5
51.0;142.0;96.5
51.0;135.0;93.0
51.0;138.0;94.5
51.0;136.0;93.5
51.0;142.0;96.5
51.0;135.0;93.0
51.0;141.0;96.0
51.0;139.0;95.0
51.0;138.0;94.5
51.0;141.0;96.0
51.0;139.0;95.0
51.0;142.0;96.5
51.0;136.0;93.5
51.0;138.0;94.5
51.0;141.0;96.0
51.0;142.0;96.5
51.0;136.0;93.5
51.0;137.0;94.0
51.0;138.0;94.5
51.0;137.0;94.0
51.0;142.0;96.5
51.0;138.0;94.5
51.0;136.0;93.5
51.0;133.0;92.0
51.0;137.0;94.0
51.0;141.0;96.0
51.0;140.0;95.5
51.0;138.0;94.5
51.0;140.0;95.5
51.0;139.0;95.0
51.0;137.0;94.0
51.0;138.0;94.5
51.0;142.0;96.5
51.0;143.0;97.0
45.0;140.0;92.5
45.0;138.0;91.5
45.0;140.0;92.5
45.0;141.0;93.0
45.0;138.0;91.5
45.0;143.0;94.0
45.0;140.0;92.5
45.0;140.0;92.5
45.0;137.0;91.0
45.0;137.0;91.0
45.0;137.0;91.0
45.0;139.0;92.0
45.0;138.0;91.5
45.0;142.0;93.5
45.0;137.0;91.0
45.0;143.0;94.0
45.0;142.0;93.5
45.0;139.0;92.0
45.0;137.0;91.0
45.0;136.0;90.5
45.0;142.0;93.5
45.0;142.0;93.5
45.0;138.0;91.5
45.0;139.0;92.0
45.0;142.0;93.5
45.0;136.0;90.5
45.0;143.0;94.0
45.0;136.0;90.5
45.0;138.0;91.5
45.0;137.0;91.0
45.0;136.0;90.5
45.0;140.0;92.5
45.0;138.0;91.5
45.0;138.0;91.5
45.0;137.0;91.0
45.0;139.0;92.0
45.0;137.0;91.0
45.0;141.0;93.0
45.0;142.0;93.5
45.0;137.0;91.0
45.0;141.0;93.0
45.0;142.0;93.5
45.0;140.0;92.5
45.0;141.0;93.0
45.0;142.0;93.5
45.0;137.0;91.0
45.0;141.0;93.0
45.0;140.0;92.5
45.0;139.0;92.0
45.0;142.0;93.5
45.0;137.0;91.0
45.0;142.0;93.5
45.0;141.0;93.0
45.0;137.0;91.0
45.0;141.0;93.0
45.0;136.0;90.5
45.0;138.0;91.5
45.0;137.0;91.0
45.0;140.0;92.5
45.0;133.0;89.0
45.0;142.0;93.5
45.0;137.0;91.0
45.0;141.0;93.0
45.0;141.0;93.0
45.0;140.0;92.5
45.0;137.0;91.0
45.0;141.0;93.0
45.0;141.0;93.0
45.0;140.0;92.5
45.0;137.0;91.0
45.0;133.0;89.0
45.0;138.0;91.5
45.0;137.0;91.0
45.0;141.0;93.0
45.0;141.0;93.0
45.0;141.0;93.0
45.0;138.0;91.5
45.0;139.0;92.0
45.0;136.0;90.5
45.0;141.0;93.0
45.0;137.0;91.0
45.0;139.0;92.0
45.0;137.0;91.0
45.0;132.0;88.5
45.0;140.0;92.5
45.0;141.0;93.0
45.0;141.0;93.0
45.0;141.0;93.0
45.0;137.0;91.0
45.0;141.0;93.0
45.0;136.0;90.5
45.0;141.0;93.0
45.0;142.0;93.5
45.0;142.0;93.5
45.0;135.0;90.0
45.0;136.0;90.5
45.0;137.0;91.0
45.0;135.0;90.0
45.0;138.0;91.5
45.0;142.0;93.5
45.0;137.0;91.0
45.0;136.0;90.5
45.0;141.0;93.0
45.0;136.0;90.5
45.0;137.0;91.0
45.0;138.0;91.5
45.0;137.0;91.0
45.0;140.0;92.5
45.0;134.0;89.5
45.0;136.0;90.5
45.0;137.0;91.0
45.0;136.0;90.5
45.0;138.0;91.5
45.0;137.0;91.0
45.0;132.0;88.5
45.0;137.0;91.0
45.0;140.0;92.5
45.0;143.0;94.0
45.0;138.0;91.5
45.0;136.0;90.5
45.0;137.0;91.0
45.0;143.0;94.0
45.0;142.0;93.5
45.0;142.0;93.5
45.0;139.0;92.0
45.0;139.0;92.0
45.0;134.0;89.5
45.0;140.0;92.5
45.0;141.0;93.0
45.0;137.0;91.0
45.0;141.0;93.0
45.0;137.0;91.0
45.0;143.0;94.0
45.0;140.0;92.5
45.0;136.0;90.5
45.0;141.0;93.0
45.0;142.0;93.5
45.0;137.0;91.0
45.0;140.0;92.5
45.0;137.0;91.0
45.0;139.0;92.0
45.0;142.0;93.5
45.0;141.0;93.0
45.0;137.0;91.0
45.0;137.0;91.0
45.0;136.0;90.5
45.0;140.0;92.5
45.0;137.0;91.0
45.0;138.0;91.5
45.0;139.0;92.0
45.0;138.0;91.5
45.0;138.0;91.5
45.0;140.0;92.5
45.0;139.0;92.0
45.0;135.0;90.0
45.0;137.0;91.0
45.0;138.0;91.5
45.0;143.0;94.0
45.0;143.0;94.0
45.0;136.0;90.5
45.0;140.0;92.5
45.0;138.0;91.5
45.0;144.0;94.5
45.0;140.0;92.5
45.0;143.0;94.0
45.0;140.0;92.5
45.0;142.0;93.5
45.0;133.0;89.0
45.0;136.0;90.5
45.0;137.0;91.0
45.0;141.0;93.0
45.0;141.0;93.0
45.0;137.0;91.0
45.0;136.0;90.5
45.0;138.0;91.5
45.0;140.0;92.5
45.0;137.0;91.0
45.0;141.0;93.0
45.0;138.0;91.5
45.0;138.0;91.5
45.0;137.0;91.0
45.0;139.0;92.0
45.0;137.0;91.0
45.0;135.0;90.0
45.0;136.0;90.5
45.0;140.0;92.5
45.0;138.0;91.5
45.0;136.0;90.5
45.0;139.0;92.0
45.0;138.0;91.5
45.0;138.0;91.5
45.0;135.0;90.0
45.0;137.0;91.0
45.0;139.0;92.0
45.0;136.0;90.5
45.0;141.0;93.0
45.0;136.0;90.5
45.0;142.0;93.5
45.0;141.0;93.0
45.0;136.0;90.5
45.0;137.0;91.0
35.0;139.0;87.0
35.0;136.0;85.5
35.0;143.0;89.0
35.0;137.0;86.0
35.0;142.0;88.5
35.0;136.0;85.5
35.0;139.0;87.0
35.0;141.0;88.0
35.0;138.0;86.5
35.0;139.0;87.0
35.0;135.0;85.0
35.0;136.0;85.5
35.0;138.0;86.5
35.0;141.0;88.0
35.0;137.0;86.0
35.0;142.0;88.5
35.0;136.0;85.5
35.0;138.0;86.5
35.0;140.0;87.5
35.0;142.0;88.5
35.0;138.0;86.5
35.0;138.0;86.5
35.0;135.0;85.0
35.0;137.0;86.0
35.0;143.0;89.0
35.0;139.0;87.0
35.0;135.0;85.0
35.0;136.0;85.5
35.0;135.0;85.0
35.0;139.0;87.0
35.0;138.0;86.5
35.0;137.0;86.0
35.0;139.0;87.0
35.0;138.0;86.5
35.0;143.0;89.0
35.0;137.0;86.0
35.0;138.0;86.5
35.0;136.0;85.5
35.0;138.0;86.5
35.0;138.0;86.5
35.0;142.0;88.5
35.0;142.0;88.5
35.0;137.0;86.0
35.0;138.0;86.5
35.0;140.0;87.5
35.0;137.0;86.0
35.0;133.0;84.0
35.0;136.0;85.5
35.0;141.0;88.0
35.0;142.0;88.5
35.0;134.0;84.5
35.0;136.0;85.5
35.0;141.0;88.0
35.0;137.0;86.0
35.0;137.0;86.0
35.0;142.0;88.5
35.0;138.0;86.5
35.0;137.0;86.0
35.0;138.0;86.5
35.0;138.0;86.5
35.0;142.0;88.5
35.0;142.0;88.5
35.0;136.0;85.5
35.0;137.0;86.0
35.0;140.0;87.5
35.0;143.0;89.0
35.0;137.0;86.0
35.0;137.0;86.0
35.0;140.0;87.5
35.0;133.0;84.0
35.0;139.0;87.0
35.0;142.0;88.5
35.0;136.0;85.5
35.0;139.0;87.0
35.0;137.0;86.0
35.0;136.0;85.5
35.0;136.0;85.5
35.0;138.0;86.5
35.0;135.0;85.0
35.0;138.0;86.5
35.0;141.0;88.0
35.0;134.0;84.5
35.0;135.0;85.0
35.0;142.0;88.5
35.0;138.0;86.5
35.0;137.0;86.0
35.0;142.0;88.5
35.0;140.0;87.5
35.0;135.0;85.0
35.0;137.0;86.0
35.0;138.0;86.5
35.0;137.0;86.0
35.0;140.0;87.5
35.0;137.0;86.0
35.0;137.0;86.0
35.0;137.0;86.0
35.0;143.0;89.0
35.0;143.0;89.0
35.0;140.0;87.5
35.0;142.0;88.5
35.0;141.0;88.0
35.0;137.0;86.0
35.0;136.0;85.5
35.0;142.0;88.5
35.0;140.0;87.5
35.0;137.0;86.0
35.0;136.0;85.5
35.0;139.0;87.0
35.0;132.0;83.5
35.0;135.0;85.0
35.0;143.0;89.0
35.0;143.0;89.0
35.0;138.0;86.5
35.0;139.0;87.0
35.0;137.0;86.0
35.0;137.0;86.0
35.0;136.0;85.5
35.0;143.0;89.0
35.0;137.0;86.0
35.0;141.0;88.0
35.0;138.0;86.5
35.0;136.0;85.5
35.0;137.0;86.0
35.0;142.0;88.5
35.0;143.0;89.0
35.0;139.0;87.0
35.0;139.0;87.0
35.0;141.0;88.0
35.0;138.0;86.5
35.0;136.0;85.5
35.0;136.0;85.5
35.0;136.0;85.5
35.0;138.0;86.5
35.0;141.0;88.0
35.0;137.0;86.0
35.0;141.0;88.0
35.0;137.0;86.0
35.0;139.0;87.0
35.0;136.0;85.5
35.0;142.0;88.5
35.0;137.0;86.0
35.0;137.0;86.0
35.0;137.0;86.0
35.0;142.0;88.5
35.0;141.0;88.0
35.0;138.0;86.5
35.0;136.0;85.5
35.0;137.0;86.0
35.0;140.0;87.5
35.0;143.0;89.0
35.0;137.0;86.0
35.0;140.0;87.5
35.0;137.0;86.0
35.0;137.0;86.0
35.0;142.0;88.5
35.0;141.0;88.0
35.0;132.0;83.5
35.0;142.0;88.5
35.0;143.0;89.0
35.0;132.0;83.5
35.0;141.0;88.0
35.0;137.0;86.0
35.0;139.0;87.0
35.0;142.0;88.5
35.0;141.0;88.0
35.0;143.0;89.0
35.0;141.0;88.0
35.0;137.0;86.0
35.0;137.0;86.0
35.0;137.0;86.0
35.0;139.0;87.0
35.0;141.0;88.0
35.0;142.0;88.5
35.0;136.0;85.5
35.0;138.0;86.5
35.0;138.0;86.5
35.0;138.0;86.5
35.0;138.0;86.5
35.0;136.0;85.5
35.0;137.0;86.0
35.0;138.0;86.5
35.0;136.0;85.5
35.0;137.0;86.0
35.0;139.0;87.0
35.0;140.0;87.5
35.0;139.0;87.0
35.0;136.0;85.5
35.0;143.0;89.0
35.0;134.0;84.5
35.0;137.0;86.0
35.0;141.0;88.0
35.0;141.0;88.0
35.0;137.0;86.0
35.0;137.0;86.0
35.0;132.0;83.5
35.0;140.0;87.5
35.0;139.0;87.0
35.0;138.0;86.5
35.0;138.0;86.5
35.0;135.0;85.0
35.0;140.0;87.5
35.0;137.0;86.0
35.0;141.0;88.0
35.0;138.0;86.5
35.0;135.0;85.0
35.0;138.0;86.5
35.0;136.0;85.5
35.0;141.0;88.0
35.0;140.0;87.5
35.0;136.0;85.5
35.0;142.0;88.5
35.0;137.0;86.0
35.0;140.0;87.5
35.0;136.0;85.5
35.0;137.0;86.0
35.0;137.0;86.0
35.0;138.0;86.5
35.0;135.0;85.0
35.0;136.0;85.5
35.0;135.0;85.0
35.0;142.0;88.5
35.0;135.0;85.0
35.0;137.0;86.0
35.0;139.0;87.0
35.0;136.0;85.5
35.0;140.0;87.5
35.0;136.0;85.5
35.0;137.0;86.0
35.0;138.0;86.5
35.0;136.0;85.5
35.0;143.0;89.0
35.0;141.0;88.0
35.0;143.0;89.0
35.0;138.0;86.5
35.0;135.0;85.0
35.0;143.0;89.0
35.0;141.0;88.0
35.0;139.0;87.0
35.0;136.0;85.5
35.0;136.0;85.5
35.0;139.0;87.0
35.0;139.0;87.0
35.0;136.0;85.5
35.0;140.0;87.5
35.0;136.0;85.5
35.0;134.0;84.5
35.0;141.0;88.0
35.0;142.0;88.5
35.0;140.0;87.5
35.0;137.0;86.0
35.0;137.0;86.0
35.0;137.0;86.0
35.0;136.0;85.5
35.0;136.0;85.5
35.0;139.0;87.0
35.0;137.0;86.0
35.0;140.0;87.5
35.0;134.0;84.5
35.0;136.0;85.5
35.0;137.0;86.0
35.0;139.0;87.0
35.0;138.0;86.5
35.0;139.0;87.0
35.0;138.0;86.5
35.0;133.0;84.0
35.0;138.0;86.5
35.0;140.0;87.5
35.0;133.0;84.0
35.0;136.0;85.5
35.0;139.0;87.0
35.0;135.0;85.0
35.0;138.0;86.5
35.0;139.0;87.0
35.0;139.0;87.0
35.0;141.0;88.0
35.0;137.0;86.0
35.0;138.0;86.5
35.0;142.0;88.5
35.0;138.0;86.5
35.0;137.0;86.0
35.0;134.0;84.5
35.0;137.0;86.0
35.0;137.0;86.0
35.0;135.0;85.0
35.0;141.0;88.0
35.0;134.0;84.5
35.0;138.0;86.5
35.0;134.0;84.5
35.0;133.0;84.0
35.0;135.0;85.0
35.0;142.0;88.5
35.0;135.0;85.0
35.0;141.0;88.0
35.0;137.0;86.0
35.0;137.0;86.0
35.0;137.0;86.0
35.0;134.0;84.5
35.0;137.0;86.0
35.0;136.0;85.5
35.0;142.0;88.5
35.0;139.0;87.0
35.0;143.0;89.0
35.0;131.0;83.0
35.0;140.0;87.5
35.0;138.0;86.5
35.0;136.0;85.5
35.0;140.0;87.5
35.0;141.0;88.0
35.0;137.0;86.0
35.0;135.0;85.0
35.0;141.0;88.0
35.0;138.0;86.5
35.0;142.0;88.5
35.0;141.0;88.0
35.0;137.0;86.0
35.0;136.0;85.5
35.0;142.0;88.5
35.0;136.0;85.5
35.0;138.0;86.5
35.0;137.0;86.0
35.0;139.0;87.0
35.0;136.0;85.5
35.0;137.0;86.0
35.0;138.0;86.5
35.0;138.0;86.5
35.0;142.0;88.5
35.0;142.0;88.5
35.0;141.0;88.0
35.0;138.0;86.5
35.0;143.0;89.0
35.0;139.0;87.0
35.0;137.0;86.0
35.0;134.0;84.5
35.0;137.0;86.0
35.0;138.0;86.5
35.0;136.0;85.5
35.0;140.0;87.5
35.0;138.0;86.5
35.0;140.0;87.5
35.0;138.0;86.5
35.0;137.0;86.0
35.0;136.0;85.5
35.0;134.0;84.5
35.0;133.0;84.0
35.0;136.0;85.5
35.0;135.0;85.0
35.0;135.0;85.0
35.0;141.0;88.0
35.0;143.0;89.0
35.0;136.0;85.5
35.0;136.0;85.5
35.0;136.0;85.5
35.0;143.0;89.0
35.0;136.0;85.5
35.0;133.0;84.0
35.0;140.0;87.5
35.0;140.0;87.5
35.0;136.0;85.5
35.0;138.0;86.5
35.0;135.0;85.0
35.0;139.0;87.0
35.0;136.0;85.5
35.0;137.0;86.0
35.0;136.0;85.5
35.0;138.0;86.5
35.0;140.0;87.5
35.0;136.0;85.5
35.0;141.0;88.0
35.0;141.0;88.0
35.0;136.0;85.5
35.0;142.0;88.5
35.0;133.0;84.0
35.0;141.0;88.0
35.0;142.0;88.5
35.0;137.0;86.0
35.0;141.0;88.0
35.0;135.0;85.0
35.0;137.0;86.0
35.0;133.0;84.0
35.0;138.0;86.5
35.0;143.0;89.0
35.0;139.0;87.0
35.0;141.0;88.0
35.0;136.0;85.5
35.0;137.0;86.0
35.0;137.0;86.0
35.0;142.0;88.5
35.0;141.0;88.0
35.0;137.0;86.0
35.0;136.0;85.5
35.0;141.0;88.0
35.0;138.0;86.5
35.0;140.0;87.5
35.0;141.0;88.0
35.0;137.0;86.0
35.0;137.0;86.0
35.0;136.0;85.5
35.0;141.0;88.0
35.0;135.0;85.0
35.0;143.0;89.0
35.0;133.0;84.0
35.0;141.0;88.0
35.0;141.0;88.0
35.0;138.0;86.5
35.0;137.0;86.0
35.0;136.0;85.5
35.0;140.0;87.5
35.0;139.0;87.0
35.0;137.0;86.0
35.0;140.0;87.5
35.0;136.0;85.5
35.0;136.0;85.5
35.0;134.0;84.5
35.0;139.0;87.0
35.0;136.0;85.5
35.0;138.0;86.5
35.0;141.0;88.0
35.0;137.0;86.0
35.0;141.0;88.0
35.0;133.0;84.0
35.0;139.0;87.0
35.0;140.0;87.5
35.0;138.0;86.5
35.0;137.0;86.0
35.0;137.0;86.0
35.0;139.0;87.0
35.0;139.0;87.0
35.0;140.0;87.5
35.0;135.0;85.0
35.0;138.0;86.5
35.0;139.0;87.0
35.0;140.0;87.5
35.0;137.0;86.0
35.0;138.0;86.5
35.0;141.0;88.0
35.0;141.0;88.0
35.0;134.0;84.5
35.0;143.0;89.0
35.0;134.0;84.5
35.0;136.0;85.5
35.0;142.0;88.5
35.0;136.0;85.5
35.0;140.0;87.5
35.0;138.0;86.5
35.0;136.0;85.5
35.0;142.0;88.5
35.0;137.0;86.0
35.0;141.0;88.0
35.0;137.0;86.0
35.0;140.0;87.5
35.0;135.0;85.0
35.0;133.0;84.0
35.0;137.0;86.0
35.0;138.0;86.5
35.0;133.0;84.0
35.0;142.0;88.5
35.0;139.0;87.0
35.0;137.0;86.0
35.0;141.0;88.0
35.0;137.0;86.0
35.0;141.0;88.0
35.0;136.0;85.5
35.0;141.0;88.0
35.0;136.0;85.5
35.0;144.0;89.5
35.0;136.0;85.5
35.0;135.0;85.0
35.0;133.0;84.0
35.0;141.0;88.0
35.0;138.0;86.5
35.0;136.0;85.5
35.0;141.0;88.0
35.0;142.0;88.5
35.0;141.0;88.0
35.0;138.0;86.5
35.0;136.0;85.5
35.0;136.0;85.5
35.0;137.0;86.0
35.0;138.0;86.5
