99.0;136.0;117.5
92.0;141.0;116.5
83.0;140.0;111.5
83.0;139.0;111.0
83.0;139.0;111.0
83.0;137.0;110.0
83.0;141.0;112.0
83.0;135.0;109.0
83.0;137.0;110.0
83.0;144.0;113.5
83.0;142.0;112.5
83.0;142.0;112.5
83.0;136.0;109.5
83.0;138.0;110.5
81.0;139.0;110.0
81.0;141.0;111.0
81.0;139.0;110.0
81.0;142.0;111.5
77.0;133.0;105.0
71.0;139.0;105.0
71.0;143.0;107.0
71.0;136.0;103.5
71.0;138.0;104.5
71.0;138.0;104.5
71.0;138.0;104.5
71.0;143.0;107.0
71.0;137.0;104.0
71.0;137.0;104.0
71.0;137.0;104.0
71.0;140.0;105.5
71.0;133.0;102.0
71.0;138.0;104.5
71.0;138.0;104.5
68.0;136.0;102.0
68.0;142.0;105.0
68.0;136.0;102.0
68.0;138.0;103.0
68.0;140.0;104.0
68.0;137.0;102.5
68.0;141.0;104.5
63.0;136.0;99.5
63.0;137.0;100.0
63.0;139.0;101.0
63.0;134.0;98.5
63.0;140.0;101.5
63.0;137.0;100.0
63.0;144.0;103.5
63.0;134.0;98.5
63.0;139.0;101.0
63.0;136.0;99.5
63.0;137.0;100.0
63.0;135.0;99.0
63.0;140.0;101.5
63.0;142.0;102.5
63.0;141.0;102.0
63.0;139.0;101.0
58.0;137.0;97.5
58.0;136.0;97.0
58.0;133.0;95.5
58.0;137.0;97.5
58.0;141.0;99.5
58.0;142.0;100.0
58.0;135.0;96.5
58.0;137.0;97.5
58.0;134.0;96.0
58.0;137.0;97.5
58.0;139.0;98.5
58.0;140.0;99.0
58.0;136.0;97.0
58.0;137.0;97.5
58.0;137.0;97.5
58.0;135.0;96.5
58.0;136.0;97.0
58.0;135.0;96.5
58.0;141.0;99.5
58.0;139.0;98.5
58.0;135.0;96.5
58.0;139.0;98.5
58.0;136.0;97.0
58.0;137.0;97.5
58.0;136.0;97.0
58.0;137.0;97.5
58.0;143.0;100.5
58.0;138.0;98.0
58.0;136.0;97.0
58.0;142.0;100.0
58.0;134.0;96.0
58.0;139.0;98.5
58.0;136.0;97.0
58.0;140.0;99.0
58.0;137.0;97.5
58.0;138.0;98.0
58.0;133.0;95.5
58.0;137.0;97.5
58.0;142.0;100.0
58.0;139.0;98.5
58.0;138.0;98.0
58.0;137.0;97.5
58.0;141.0;99.5
58.0;138.0;98.0
58.0;138.0;98.0
58.0;138.0;98.0
58.0;136.0;97.0
58.0;143.0;100.5
58.0;139.0;98.5
58.0;142.0;100.0
58.0;137.0;97.5
58.0;143.0;100.5
57.0;132.0;94.5
57.0;138.0;97.5
57.0;139.0;98.0
57.0;141.0;99.0
57.0;136.0;96.5
57.0;139.0;98.0
57.0;141.0;99.0
57.0;138.0;97.5
57.0;138.0;97.5
57.0;137.0;97.0
57.0;138.0;97.5
57.0;138.0;97.5
57.0;139.0;98.0
57.0;137.0;97.0
57.0;138.0;97.5
57.0;135.0;96.0
57.0;141.0;99.0
57.0;137.0;97.0
57.0;138.0;97.5
57.0;137.0;97.0
57.0;138.0;97.5
57.0;136.0;96.5
57.0;134.0;95.5
57.0;137.0;97.0
57.0;141.0;99.0
57.0;136.0;96.5
57.0;140.0;98.5
57.0;141.0;99.0
57.0;141.0;99.0
57.0;137.0;97.0
57.0;137.0;97.0
57.0;136.0;96.5
57.0;137.0;97.0
57.0;136.0;96.5
57.0;135.0;96.0
57.0;138.0;97.5
57.0;137.0;97.0
57.0;141.0;99.0
57.0;141.0;99.0
57.0;141.0;99.0
57.0;137.0;97.0
57.0;136.0;96.5
57.0;135.0;96.0
57.0;138.0;97.5
57.0;140.0;98.5
57.0;136.0;96.5
57.0;138.0;97.5
57.0;138.0;97.5
57.0;136.0;96.5
57.0;135.0;96.0
57.0;138.0;97.5
57.0;136.0;96.5
57.0;140.0;98.5
57.0;138.0;97.5
57.0;136.0;96.5
57.0;136.0;96.5
57.0;141.0;99.0
57.0;142.0;99.5
57.0;133.0;95.0
57.0;143.0;100.0
57.0;142.0;99.5
57.0;133.0;95.0
57.0;140.0;98.5
57.0;136.0;96.5
57.0;136.0;96.5
57.0;138.0;97.5
57.0;139.0;98.0
57.0;142.0;99.5
57.0;137.0;97.0
57.0;136.0;96.5
57.0;136.0;96.5
57.0;142.0;99.5
57.0;136.0;96.5
57.0;137.0;97.0
57.0;142.0;99.5
57.0;140.0;98.5
57.0;138.0;97.5
57.0;140.0;98.5
57.0;141.0;99.0
57.0;135.0;96.0
57.0;136.0;96.5
57.0;137.0;97.0
57.0;140.0;98.5
57.0;138.0;97.5
57.0;141.0;99.0
57.0;135.0;96.0
57.0;142.0;99.5
57.0;139.0;98.0
57.0;138.0;97.5
57.0;141.0;99.0
57.0;137.0;97.0
57.0;134.0;95.5
57.0;138.0;97.5
57.0;138.0;97.5
57.0;137.0;97.0
57.0;138.0;97.5
57.0;141.0;99.0
57.0;137.0;97.0
57.0;138.0;97.5
57.0;136.0;96.5
57.0;141.0;99.0
57.0;140.0;98.5
57.0;133.0;95.0
57.0;137.0;97.0
57.0;135.0;96.0
57.0;142.0;99.5
57.0;138.0;97.5
57.0;137.0;97.0
57.0;137.0;97.0
57.0;137.0;97.0
57.0;137.0;97.0
57.0;133.0;95.0
57.0;144.0;100.5
57.0;138.0;97.5
57.0;138.0;97.5
57.0;137.0;97.0
57.0;140.0;98.5
57.0;138.0;97.5
57.0;137.0;97.0
57.0;134.0;95.5
57.0;136.0;96.5
57.0;138.0;97.5
57.0;135.0;96.0
57.0;143.0;100.0
57.0;138.0;97.5
57.0;140.0;98.5
57.0;143.0;100.0
57.0;136.0;96.5
57.0;137.0;97.0
57.0;136.0;96.5
57.0;138.0;97.5
57.0;137.0;97.0
57.0;140.0;98.5
57.0;143.0;100.0
57.0;136.0;96.5
57.0;142.0;99.5
57.0;135.0;96.0
57.0;142.0;99.5
57.0;136.0;96.5
57.0;141.0;99.0
57.0;137.0;97.0
57.0;141.0;99.0
57.0;137.0;97.0
57.0;137.0;97.0
57.0;135.0;96.0
57.0;136.0;96.5
57.0;143.0;100.0
57.0;138.0;97.5
57.0;141.0;99.0
57.0;141.0;99.0
57.0;141.0;99.0
57.0;137.0;97.0
57.0;136.0;96.5
57.0;141.0;99.0
57.0;141.0;99.0
57.0;138.0;97.5
57.0;141.0;99.0
57.0;138.0;97.5
57.0;137.0;97.0
57.0;134.0;95.5
57.0;133.0;95.0
57.0;137.0;97.0
57.0;133.0;95.0
57.0;137.0;97.0
57.0;134.0;95.5
57.0;138.0;97.5
57.0;141.0;99.0
57.0;132.0;94.5
57.0;141.0;99.0
57.0;137.0;97.0
57.0;137.0;97.0
57.0;135.0;96.0
57.0;134.0;95.5
57.0;137.0;97.0
57.0;136.0;96.5
57.0;134.0;95.5
57.0;139.0;98.0
57.0;134.0;95.5
57.0;138.0;97.5
57.0;138.0;97.5
57.0;142.0;99.5
57.0;138.0;97.5
57.0;137.0;97.0
57.0;137.0;97.0
57.0;137.0;97.0
57.0;136.0;96.5
57.0;138.0;97.5
57.0;137.0;97.0
57.0;135.0;96.0
57.0;138.0;97.5
57.0;141.0;99.0
57.0;137.0;97.0
57.0;138.0;97.5
57.0;139.0;98.0
57.0;138.0;97.5
57.0;135.0;96.0
57.0;135.0;96.0
57.0;134.0;95.5
57.0;142.0;99.5
57.0;136.0;96.5
57.0;139.0;98.0
57.0;140.0;98.5
57.0;136.0;96.5
57.0;131.0;94.0
57.0;141.0;99.0
57.0;132.0;94.5
57.0;136.0;96.5
57.0;134.0;95.5
57.0;138.0;97.5
57.0;142.0;99.5
57.0;141.0;99.0
57.0;137.0;97.0
57.0;137.0;97.0
57.0;137.0;97.0
57.0;142.0;99.5
57.0;140.0;98.5
57.0;137.0;97.0
57.0;135.0;96.0
57.0;137.0;97.0
57.0;138.0;97.5
57.0;139.0;98.0
57.0;138.0;97.5
57.0;133.0;95.0
57.0;136.0;96.5
57.0;137.0;97.0
57.0;137.0;97.0
57.0;138.0;97.5
57.0;137.0;97.0
57.0;142.0;99.5
57.0;137.0;97.0
57.0;136.0;96.5
57.0;136.0;96.5
57.0;137.0;97.0
57.0;138.0;97.5
57.0;143.0;100.0
57.0;142.0;99.5
57.0;141.0;99.0
57.0;141.0;99.0
57.0;140.0;98.5
57.0;142.0;99.5
57.0;138.0;97.5
57.0;141.0;99.0
57.0;141.0;99.0
57.0;140.0;98.5
57.0;136.0;96.5
57.0;136.0;96.5
57.0;138.0;97.5
57.0;135.0;96.0
57.0;142.0;99.5
57.0;135.0;96.0
57.0;136.0;96.5
57.0;139.0;98.0
57.0;142.0;99.5
57.0;139.0;98.0
57.0;137.0;97.0
57.0;133.0;95.0
57.0;139.0;98.0
57.0;136.0;96.5
57.0;138.0;97.5
57.0;136.0;96.5
57.0;136.0;96.5
57.0;135.0;96.0
57.0;135.0;96.0
57.0;138.0;97.5
57.0;139.0;98.0
57.0;139.0;98.0
57.0;138.0;97.5
57.0;137.0;97.0
57.0;132.0;94.5
57.0;134.0;95.5
57.0;135.0;96.0
57.0;138.0;97.5
57.0;134.0;95.5
57.0;140.0;98.5
57.0;142.0;99.5
57.0;138.0;97.5
57.0;139.0;98.0
57.0;139.0;98.0
57.0;137.0;97.0
57.0;143.0;100.0
57.0;135.0;96.0
57.0;142.0;99.5
57.0;135.0;96.0
57.0;139.0;98.0
57.0;137.0;97.0
57.0;136.0;96.5
57.0;139.0;98.0
57.0;141.0;99.0
57.0;137.0;97.0
57.0;137.0;97.0
57.0;142.0;99.5
57.0;136.0;96.5
57.0;136.0;96.5
57.0;133.0;95.0
57.0;136.0;96.5
57.0;136.0;96.5
57.0;133.0;95.0
57.0;141.0;99.0
57.0;135.0;96.0
57.0;137.0;97.0
57.0;141.0;99.0
57.0;138.0;97.5
57.0;136.0;96.5
57.0;136.0;96.5
57.0;140.0;98.5
57.0;141.0;99.0
57.0;143.0;100.0
57.0;136.0;96.5
57.0;139.0;98.0
57.0;137.0;97.0
57.0;142.0;99.5
57.0;131.0;94.0
57.0;140.0;98.5
57.0;140.0;98.5
57.0;136.0;96.5
57.0;137.0;97.0
57.0;140.0;98.5
57.0;137.0;97.0
57.0;138.0;97.5
57.0;138.0;97.5
57.0;137.0;97.0
57.0;137.0;97.0
57.0;142.0;99.5
57.0;138.0;97.5
57.0;142.0;99.5
57.0;136.0;96.5
57.0;142.0;99.5
57.0;137.0;97.0
57.0;131.0;94.0
57.0;136.0;96.5
57.0;138.0;97.5
57.0;132.0;94.5
57.0;139.0;98.0
57.0;141.0;99.0
57.0;142.0;99.5
57.0;141.0;99.0
57.0;134.0;95.5
57.0;136.0;96.5
57.0;139.0;98.0
57.0;143.0;100.0
57.0;135.0;96.0
57.0;137.0;97.0
57.0;139.0;98.0
57.0;143.0;100.0
57.0;134.0;95.5
57.0;135.0;96.0
57.0;140.0;98.5
57.0;137.0;97.0
57.0;135.0;96.0
57.0;136.0;96.5
57.0;135.0;96.0
57.0;135.0;96.0
57.0;142.0;99.5
57.0;133.0;95.0
57.0;141.0;99.0
57.0;137.0;97.0
57.0;141.0;99.0
57.0;134.0;95.5
57.0;139.0;98.0
57.0;135.0;96.0
57.0;137.0;97.0
57.0;141.0;99.0
57.0;137.0;97.0
57.0;140.0;98.5
57.0;143.0;100.0
57.0;135.0;96.0
57.0;138.0;97.5
57.0;136.0;96.5
57.0;131.0;94.0
57.0;140.0;98.5
57.0;137.0;97.0
57.0;138.0;97.5
57.0;137.0;97.0
57.0;137.0;97.0
57.0;137.0;97.0
57.0;137.0;97.0
57.0;137.0;97.0
57.0;136.0;96.5
57.0;135.0;96.0
57.0;137.0;97.0
57.0;141.0;99.0
57.0;137.0;97.0
57.0;138.0;97.5
57.0;143.0;100.0
57.0;135.0;96.0
57.0;141.0;99.0
57.0;140.0;98.5
57.0;138.0;97.5
57.0;143.0;100.0
57.0;137.0;97.0
57.0;135.0;96.0
57.0;143.0;100.0
57.0;132.0;94.5
57.0;139.0;98.0
57.0;136.0;96.5
57.0;141.0;99.0
57.0;137.0;97.0
57.0;137.0;97.0
57.0;137.0;97.0
57.0;140.0;98.5
57.0;139.0;98.0
57.0;136.0;96.5
57.0;136.0;96.5
57.0;134.0;95.5
57.0;141.0;99.0
57.0;137.0;97.0
57.0;138.0;97.5
57.0;139.0;98.0
57.0;136.0;96.5
57.0;135.0;96.0
57.0;135.0;96.0
57.0;135.0;96.0
57.0;142.0;99.5
57.0;136.0;96.5
57.0;133.0;95.0
57.0;141.0;99.0
57.0;136.0;96.5
57.0;137.0;97.0
57.0;136.0;96.5
57.0;135.0;96.0
57.0;136.0;96.5
57.0;135.0;96.0
57.0;136.0;96.5
57.0;141.0;99.0
57.0;141.0;99.0
57.0;135.0;96.0
57.0;135.0;96.0
57.0;138.0;97.5
57.0;137.0;97.0
57.0;136.0;96.5
57.0;141.0;99.0
57.0;137.0;97.0
57.0;137.0;97.0
57.0;142.0;99.5
57.0;136.0;96.5
57.0;137.0;97.0
57.0;140.0;98.5
57.0;140.0;98.5
57.0;138.0;97.5
57.0;136.0;96.5
57.0;137.0;97.0
57.0;137.0;97.0
57.0;143.0;100.0
57.0;136.0;96.5
57.0;137.0;97.0
57.0;142.0;99.5
57.0;138.0;97.5
57.0;136.0;96.5
57.0;136.0;96.5
57.0;137.0;97.0
57.0;137.0;97.0
57.0;138.0;97.5
57.0;132.0;94.5
57.0;141.0;99.0
57.0;137.0;97.0
57.0;141.0;99.0
57.0;137.0;97.0
57.0;136.0;96.5
57.0;142.0;99.5
57.0;139.0;98.0
57.0;138.0;97.5
57.0;133.0;95.0
57.0;140.0;98.5
57.0;135.0;96.0
57.0;138.0;97.5
57.0;137.0;97.0
57.0;140.0;98.5
57.0;142.0;99.5
57.0;139.0;98.0
57.0;137.0;97.0
57.0;139.0;98.0
57.0;135.0;96.0
57.0;134.0;95.5
57.0;136.0;96.5
57.0;141.0;99.0
57.0;143.0;100.0
57.0;142.0;99.5
57.0;138.0;97.5
57.0;140.0;98.5
57.0;137.0;97.0
57.0;138.0;97.5
57.0;136.0;96.5
57.0;140.0;98.5
57.0;138.0;97.5
57.0;140.0;98.5
57.0;137.0;97.0
57.0;134.0;95.5
57.0;137.0;97.0
57.0;136.0;96.5
57.0;140.0;98.5
57.0;141.0;99.0
57.0;137.0;97.0
57.0;137.0;97.0
57.0;138.0;97.5
57.0;138.0;97.5
57.0;134.0;95.5
57.0;139.0;98.0
57.0;142.0;99.5
57.0;138.0;97.5
57.0;141.0;99.0
57.0;138.0;97.5
57.0;141.0;99.0
57.0;138.0;97.5
57.0;138.0;97.5
57.0;137.0;97.0
57.0;138.0;97.5
57.0;136.0;96.5
57.0;135.0;96.0
57.0;141.0;99.0
57.0;136.0;96.5
57.0;135.0;96.0
57.0;137.0;97.0
57.0;137.0;97.0
57.0;137.0;97.0
57.0;141.0;99.0
57.0;137.0;97.0
57.0;138.0;97.5
57.0;140.0;98.5
57.0;142.0;99.5
57.0;137.0;97.0
57.0;138.0;97.5
57.0;137.0;97.0
57.0;139.0;98.0
57.0;137.0;97.0
57.0;140.0;98.5
57.0;135.0;96.0
57.0;141.0;99.0
57.0;142.0;99.5
57.0;140.0;98.5
57.0;135.0;96.0
57.0;137.0;97.0
57.0;138.0;97.5
57.0;135.0;96.0
57.0;141.0;99.0
57.0;142.0;99.5
57.0;138.0;97.5
57.0;138.0;97.5
57.0;139.0;98.0
57.0;141.0;99.0
57.0;143.0;100.0
57.0;137.0;97.0
57.0;136.0;96.5
57.0;137.0;97.0
57.0;135.0;96.0
57.0;137.0;97.0
57.0;137.0;97.0
57.0;136.0;96.5
57.0;142.0;99.5
57.0;138.0;97.5
57.0;132.0;94.5
57.0;136.0;96.5
57.0;141.0;99.0
57.0;140.0;98.5
57.0;131.0;94.0
57.0;137.0;97.0
57.0;137.0;97.0
57.0;140.0;98.5
57.0;137.0;97.0
57.0;135.0;96.0
57.0;141.0;99.0
57.0;133.0;95.0
57.0;141.0;99.0
57.0;136.0;96.5
57.0;140.0;98.5
57.0;137.0;97.0
57.0;134.0;95.5
57.0;141.0;99.0
57.0;138.0;97.5
57.0;137.0;97.0
57.0;142.0;99.5
57.0;131.0;94.0
57.0;136.0;96.5
57.0;137.0;97.0
57.0;144.0;100.5
57.0;136.0;96.5
57.0;142.0;99.5
57.0;141.0;99.0
57.0;137.0;97.0
57.0;136.0;96.5
57.0;136.0;96.5
57.0;141.0;99.0
57.0;133.0;95.0
57.0;136.0;96.5
57.0;134.0;95.5
57.0;137.0;97.0
57.0;142.0;99.5
57.0;138.0;97.5
57.0;138.0;97.5
57.0;138.0;97.5
57.0;137.0;97.0
57.0;140.0;98.5
57.0;137.0;97.0
57.0;141.0;99.0
57.0;134.0;95.5
57.0;140.0;98.5
57.0;135.0;96.0
57.0;137.0;97.0
57.0;138.0;97.5
57.0;138.0;97.5
57.0;139.0;98.0
57.0;134.0;95.5
57.0;139.0;98.0
57.0;138.0;97.5
57.0;136.0;96.5
57.0;137.0;97.0
57.0;137.0;97.0
57.0;141.0;99.0
57.0;132.0;94.5
57.0;137.0;97.0
57.0;141.0;99.0
57.0;137.0;97.0
57.0;134.0;95.5
57.0;137.0;97.0
57.0;138.0;97.5
57.0;136.0;96.5
57.0;140.0;98.5
57.0;133.0;95.0
57.0;138.0;97.5
57.0;136.0;96.5
57.0;136.0;96.5
57.0;136.0;96.5
57.0;133.0;95.0
57.0;136.0;96.5
57.0;138.0;97.5
57.0;137.0;97.0
57.0;137.0;97.0
57.0;136.0;96.5
57.0;139.0;98.0
57.0;138.0;97.5
57.0;136.0;96.5
57.0;138.0;97.5
57.0;135.0;96.0
57.0;137.0;97.0
57.0;137.0;97.0
57.0;136.0;96.5
57.0;130.0;93.5
57.0;135.0;96.0
57.0;139.0;98.0
57.0;135.0;96.0
57.0;138.0;97.5
57.0;137.0;97.0
57.0;137.0;97.0
57.0;141.0;99.0
57.0;140.0;98.5
57.0;133.0;95.0
57.0;137.0;97.0
57.0;133.0;95.0
57.0;141.0;99.0
57.0;140.0;98.5
57.0;136.0;96.5
57.0;141.0;99.0
57.0;134.0;95.5
57.0;136.0;96.5
57.0;137.0;97.0
57.0;137.0;97.0
57.0;141.0;99.0
57.0;135.0;96.0
57.0;141.0;99.0
57.0;142.0;99.5
57.0;133.0;95.0
57.0;134.0;95.5
57.0;139.0;98.0
57.0;139.0;98.0
57.0;135.0;96.0
57.0;138.0;97.5
57.0;141.0;99.0
57.0;134.0;95.5
57.0;142.0;99.5
57.0;136.0;96.5
57.0;141.0;99.0
57.0;141.0;99.0
57.0;141.0;99.0
57.0;137.0;97.0
57.0;137.0;97.0
57.0;138.0;97.5
57.0;137.0;97.0
57.0;136.0;96.5
57.0;132.0;94.5
57.0;142.0;99.5
57.0;132.0;94.5
57.0;135.0;96.0
57.0;136.0;96.5
57.0;142.0;99.5
57.0;136.0;96.5
57.0;135.0;96.0
57.0;142.0;99.5
57.0;140.0;98.5
57.0;134.0;95.5
57.0;141.0;99.0
57.0;137.0;97.0
57.0;133.0;95.0
57.0;137.0;97.0
57.0;142.0;99.5
57.0;136.0;96.5
57.0;138.0;97.5
57.0;140.0;98.5
57.0;137.0;97.0
57.0;137.0;97.0
57.0;136.0;96.5
57.0;136.0;96.5
57.0;137.0;97.0
57.0;139.0;98.0
57.0;142.0;99.5
57.0;133.0;95.0
57.0;140.0;98.5
57.0;132.0;94.5
57.0;141.0;99.0
57.0;136.0;96.5
57.0;137.0;97.0
57.0;137.0;97.0
57.0;135.0;96.0
57.0;144.0;100.5
57.0;137.0;97.0
57.0;137.0;97.0
57.0;142.0;99.5
57.0;138.0;97.5
57.0;137.0;97.0
57.0;138.0;97.5
57.0;133.0;95.0
57.0;136.0;96.5
57.0;143.0;100.0
57.0;139.0;98.0
57.0;138.0;97.5
57.0;137.0;97.0
57.0;137.0;97.0
57.0;143.0;100.0
57.0;137.0;97.0
57.0;136.0;96.5
57.0;137.0;97.0
57.0;143.0;100.0
57.0;137.0;97.0
57.0;142.0;99.5
57.0;139.0;98.0
57.0;133.0;95.0
57.0;138.0;97.5
57.0;138.0;97.5
57.0;139.0;98.0
57.0;142.0;99.5
57.0;141.0;99.0
57.0;133.0;95.0
57.0;137.0;97.0
57.0;136.0;96.5
57.0;137.0;97.0
57.0;141.0;99.0
57.0;139.0;98.0
57.0;135.0;96.0
57.0;136.0;96.5
57.0;136.0;96.5
57.0;138.0;97.5
57.0;135.0;96.0
57.0;142.0;99.5
57.0;142.0;99.5
57.0;141.0;99.0
57.0;141.0;99.0
57.0;137.0;97.0
57.0;137.0;97.0
57.0;141.0;99.0
57.0;136.0;96.5
57.0;137.0;97.0
57.0;136.0;96.5
57.0;141.0;99.0
57.0;137.0;97.0
57.0;139.0;98.0
57.0;142.0;99.5
57.0;137.0;97.0
57.0;137.0;97.0
57.0;135.0;96.0
57.0;137.0;97.0
57.0;143.0;100.0
57.0;137.0;97.0
57.0;138.0;97.5
57.0;138.0;97.5
57.0;133.0;95.0
57.0;138.0;97.5
57.0;139.0;98.0
57.0;140.0;98.5
57.0;141.0;99.0
57.0;137.0;97.0
57.0;143.0;100.0
57.0;137.0;97.0
57.0;139.0;98.0
57.0;142.0;99.5
57.0;136.0;96.5
57.0;137.0;97.0
57.0;142.0;99.5
57.0;138.0;97.5
57.0;140.0;98.5
57.0;136.0;96.5
57.0;135.0;96.0
57.0;137.0;97.0
57.0;139.0;98.0
57.0;142.0;99.5
57.0;134.0;95.5
57.0;134.0;95.5
57.0;137.0;97.0
57.0;135.0;96.0
57.0;137.0;97.0
57.0;137.0;97.0
57.0;138.0;97.5
57.0;137.0;97.0
57.0;142.0;99.5
57.0;135.0;96.0
57.0;134.0;95.5
57.0;136.0;96.5
57.0;134.0;95.5
57.0;137.0;97.0
57.0;141.0;99.0
57.0;133.0;95.0
57.0;138.0;97.5
57.0;139.0;98.0
57.0;137.0;97.0
57.0;138.0;97.5
57.0;141.0;99.0
57.0;138.0;97.5
57.0;136.0;96.5
57.0;137.0;97.0
57.0;132.0;94.5
57.0;138.0;97.5
57.0;135.0;96.0
57.0;136.0;96.5
57.0;136.0;96.5
57.0;138.0;97.5
57.0;135.0;96.0
57.0;138.0;97.5
57.0;137.0;97.0
57.0;139.0;98.0
57.0;140.0;98.5
57.0;137.0;97.0
57.0;138.0;97.5
57.0;139.0;98.0
57.0;138.0;97.5
57.0;141.0;99.0
57.0;137.0;97.0
57.0;142.0;99.5
57.0;137.0;97.0
57.0;138.0;97.5
57.0;141.0;99.0
57.0;138.0;97.5
57.0;137.0;97.0
57.0;136.0;96.5
57.0;135.0;96.0
57.0;140.0;98.5
57.0;140.0;98.5
57.0;134.0;95.5
57.0;136.0;96.5
57.0;136.0;96.5
57.0;134.0;95.5
57.0;138.0;97.5
57.0;136.0;96.5
57.0;136.0;96.5
57.0;134.0;95.5
57.0;138.0;97.5
57.0;139.0;98.0
57.0;137.0;97.0
57.0;141.0;99.0
57.0;138.0;97.5
57.0;142.0;99.5
57.0;136.0;96.5
57.0;134.0;95.5
57.0;135.0;96.0
57.0;138.0;97.5
57.0;143.0;100.0
57.0;135.0;96.0
57.0;138.0;97.5
57.0;136.0;96.5
57.0;138.0;97.5
57.0;137.0;97.0
57.0;141.0;99.0
57.0;138.0;97.5
57.0;133.0;95.0
57.0;136.0;96.5
57.0;136.0;96.5
57.0;137.0;97.0
57.0;142.0;99.5
57.0;135.0;96.0
57.0;138.0;97.5
57.0;143.0;100.0
57.0;143.0;100.0
57.0;137.0;97.0
57.0;140.0;98.5
57.0;138.0;97.5
57.0;142.0;99.5
57.0;140.0;98.5
57.0;140.0;98.5
57.0;133.0;95.0
57.0;136.0;96.5
57.0;137.0;97.0
57.0;138.0;97.5
57.0;140.0;98.5
57.0;137.0;97.0
57.0;137.0;97.0
57.0;135.0;96.0
