99.0;136.0;117.5
91.0;139.0;115.0
85.0;140.0;112.5
85.0;141.0;113.0
85.0;141.0;113.0
85.0;142.0;113.5
85.0;143.0;114.0
84.0;141.0;112.5
84.0;137.0;110.5
82.0;143.0;112.5
82.0;142.0;112.0
82.0;142.0;112.0
82.0;142.0;112.0
82.0;137.0;109.5
82.0;141.0;111.5
82.0;142.0;112.0
82.0;139.0;110.5
82.0;138.0;110.0
82.0;143.0;112.5
82.0;137.0;109.5
82.0;137.0;109.5
82.0;141.0;111.5
82.0;138.0;110.0
82.0;138.0;110.0
82.0;141.0;111.5
81.0;143.0;112.0
81.0;142.0;111.5
81.0;141.0;111.0
81.0;135.0;108.0
81.0;136.0;108.5
81.0;142.0;111.5
81.0;142.0;111.5
81.0;144.0;112.5
81.0;139.0;110.0
81.0;143.0;112.0
80.0;138.0;109.0
80.0;143.0;111.5
80.0;140.0;110.0
80.0;142.0;111.0
79.0;136.0;107.5
79.0;141.0;110.0
79.0;144.0;111.5
79.0;141.0;110.0
79.0;144.0;111.5
79.0;142.0;110.5
79.0;142.0;110.5
79.0;142.0;110.5
79.0;141.0;110.0
79.0;140.0;109.5
79.0;139.0;109.0
79.0;143.0;111.0
79.0;143.0;111.0
79.0;138.0;108.5
74.0;141.0;107.5
74.0;134.0;104.0
74.0;141.0;107.5
74.0;142.0;108.0
74.0;141.0;107.5
74.0;138.0;106.0
74.0;144.0;109.0
72.0;142.0;107.0
63.0;137.0;100.0
63.0;137.0;100.0
63.0;141.0;102.0
63.0;137.0;100.0
63.0;142.0;102.5
63.0;141.0;102.0
63.0;137.0;100.0
63.0;143.0;103.0
63.0;139.0;101.0
63.0;142.0;102.5
63.0;138.0;100.5
63.0;138.0;100.5
63.0;136.0;99.5
63.0;140.0;101.5
63.0;142.0;102.5
63.0;140.0;101.5
63.0;137.0;100.0
63.0;142.0;102.5
63.0;138.0;100.5
63.0;137.0;100.0
63.0;142.0;102.5
63.0;138.0;100.5
63.0;143.0;103.0
63.0;142.0;102.5
63.0;144.0;103.5
63.0;142.0;102.5
63.0;136.0;99.5
63.0;138.0;100.5
63.0;138.0;100.5
62.0;142.0;102.0
62.0;142.0;102.0
62.0;136.0;99.0
62.0;136.0;99.0
62.0;142.0;102.0
62.0;136.0;99.0
62.0;139.0;100.5
62.0;138.0;100.0
62.0;137.0;99.5
62.0;141.0;101.5
62.0;140.0;101.0
62.0;137.0;99.5
62.0;138.0;100.0
62.0;139.0;100.5
62.0;141.0;101.5
62.0;138.0;100.0
62.0;142.0;102.0
62.0;137.0;99.5
62.0;136.0;99.0
62.0;140.0;101.0
62.0;142.0;102.0
62.0;138.0;100.0
62.0;142.0;102.0
62.0;142.0;102.0
62.0;137.0;99.5
62.0;137.0;99.5
62.0;137.0;99.5
62.0;134.0;98.0
62.0;138.0;100.0
62.0;142.0;102.0
62.0;141.0;101.5
62.0;140.0;101.0
62.0;142.0;102.0
62.0;142.0;102.0
60.0;141.0;100.5
59.0;141.0;100.0
59.0;141.0;100.0
59.0;140.0;99.5
59.0;137.0;98.0
59.0;137.0;98.0
59.0;139.0;99.0
58.0;139.0;98.5
58.0;142.0;100.0
58.0;140.0;99.0
58.0;142.0;100.0
58.0;136.0;97.0
58.0;136.0;97.0
58.0;138.0;98.0
58.0;139.0;98.5
58.0;135.0;96.5
58.0;137.0;97.5
58.0;142.0;100.0
58.0;138.0;98.0
58.0;137.0;97.5
58.0;144.0;101.0
58.0;140.0;99.0
58.0;136.0;97.0
58.0;137.0;97.5
58.0;144.0;101.0
58.0;137.0;97.5
58.0;139.0;98.5
58.0;140.0;99.0
58.0;137.0;97.5
58.0;140.0;99.0
58.0;135.0;96.5
58.0;136.0;97.0
58.0;140.0;99.0
58.0;136.0;97.0
58.0;140.0;99.0
58.0;142.0;100.0
58.0;139.0;98.5
58.0;139.0;98.5
58.0;142.0;100.0
57.0;142.0;99.5
57.0;142.0;99.5
57.0;137.0;97.0
57.0;143.0;100.0
57.0;139.0;98.0
57.0;141.0;99.0
57.0;137.0;97.0
57.0;137.0;97.0
57.0;144.0;100.5
57.0;144.0;100.5
57.0;143.0;100.0
57.0;138.0;97.5
57.0;137.0;97.0
57.0;137.0;97.0
57.0;136.0;96.5
57.0;140.0;98.5
57.0;139.0;98.0
57.0;141.0;99.0
57.0;137.0;97.0
57.0;139.0;98.0
57.0;141.0;99.0
57.0;137.0;97.0
57.0;143.0;100.0
57.0;139.0;98.0
57.0;139.0;98.0
57.0;140.0;98.5
57.0;138.0;97.5
57.0;136.0;96.5
57.0;139.0;98.0
57.0;136.0;96.5
57.0;142.0;99.5
57.0;138.0;97.5
57.0;136.0;96.5
57.0;142.0;99.5
57.0;137.0;97.0
57.0;139.0;98.0
57.0;138.0;97.5
57.0;142.0;99.5
57.0;134.0;95.5
57.0;143.0;100.0
57.0;140.0;98.5
57.0;138.0;97.5
57.0;142.0;99.5
57.0;140.0;98.5
57.0;135.0;96.0
57.0;140.0;98.5
57.0;141.0;99.0
57.0;141.0;99.0
57.0;141.0;99.0
57.0;144.0;100.5
57.0;138.0;97.5
57.0;135.0;96.0
57.0;143.0;100.0
57.0;136.0;96.5
57.0;137.0;97.0
57.0;143.0;100.0
57.0;140.0;98.5
57.0;140.0;98.5
57.0;142.0;99.5
57.0;142.0;99.5
57.0;142.0;99.5
57.0;140.0;98.5
57.0;143.0;100.0
57.0;140.0;98.5
57.0;136.0;96.5
57.0;137.0;97.0
57.0;143.0;100.0
57.0;136.0;96.5
57.0;141.0;99.0
57.0;137.0;97.0
57.0;143.0;100.0
57.0;141.0;99.0
57.0;137.0;97.0
57.0;141.0;99.0
57.0;143.0;100.0
57.0;135.0;96.0
57.0;141.0;99.0
57.0;135.0;96.0
57.0;133.0;95.0
57.0;136.0;96.5
57.0;137.0;97.0
57.0;138.0;97.5
57.0;141.0;99.0
57.0;142.0;99.5
57.0;136.0;96.5
57.0;142.0;99.5
57.0;138.0;97.5
57.0;143.0;100.0
57.0;138.0;97.5
57.0;141.0;99.0
57.0;140.0;98.5
57.0;137.0;97.0
57.0;142.0;99.5
57.0;137.0;97.0
57.0;141.0;99.0
57.0;136.0;96.5
57.0;137.0;97.0
57.0;136.0;96.5
57.0;142.0;99.5
57.0;137.0;97.0
57.0;140.0;98.5
57.0;143.0;100.0
57.0;140.0;98.5
57.0;142.0;99.5
57.0;139.0;98.0
57.0;136.0;96.5
57.0;143.0;100.0
57.0;143.0;100.0
57.0;142.0;99.5
57.0;141.0;99.0
57.0;137.0;97.0
57.0;136.0;96.5
57.0;142.0;99.5
57.0;137.0;97.0
57.0;137.0;97.0
57.0;133.0;95.0
57.0;139.0;98.0
57.0;137.0;97.0
57.0;138.0;97.5
57.0;138.0;97.5
57.0;134.0;95.5
57.0;140.0;98.5
57.0;143.0;100.0
57.0;138.0;97.5
57.0;143.0;100.0
57.0;142.0;99.5
57.0;139.0;98.0
57.0;137.0;97.0
57.0;138.0;97.5
57.0;139.0;98.0
57.0;141.0;99.0
57.0;136.0;96.5
57.0;137.0;97.0
57.0;137.0;97.0
57.0;142.0;99.5
57.0;136.0;96.5
57.0;135.0;96.0
57.0;141.0;99.0
57.0;137.0;97.0
57.0;142.0;99.5
57.0;144.0;100.5
57.0;141.0;99.0
57.0;137.0;97.0
57.0;137.0;97.0
57.0;138.0;97.5
57.0;142.0;99.5
57.0;141.0;99.0
57.0;142.0;99.5
57.0;142.0;99.5
57.0;137.0;97.0
57.0;141.0;99.0
57.0;136.0;96.5
57.0;142.0;99.5
57.0;137.0;97.0
57.0;138.0;97.5
57.0;138.0;97.5
57.0;142.0;99.5
57.0;138.0;97.5
57.0;141.0;99.0
57.0;136.0;96.5
57.0;138.0;97.5
57.0;134.0;95.5
57.0;142.0;99.5
57.0;136.0;96.5
57.0;138.0;97.5
57.0;135.0;96.0
57.0;139.0;98.0
57.0;139.0;98.0
57.0;137.0;97.0
57.0;138.0;97.5
57.0;138.0;97.5
57.0;136.0;96.5
57.0;142.0;99.5
57.0;138.0;97.5
57.0;143.0;100.0
57.0;136.0;96.5
57.0;138.0;97.5
57.0;137.0;97.0
57.0;138.0;97.5
57.0;141.0;99.0
57.0;137.0;97.0
57.0;137.0;97.0
57.0;141.0;99.0
57.0;143.0;100.0
57.0;138.0;97.5
57.0;137.0;97.0
57.0;138.0;97.5
57.0;137.0;97.0
57.0;142.0;99.5
57.0;142.0;99.5
57.0;139.0;98.0
57.0;137.0;97.0
57.0;142.0;99.5
57.0;134.0;95.5
57.0;132.0;94.5
57.0;140.0;98.5
57.0;137.0;97.0
57.0;138.0;97.5
57.0;142.0;99.5
57.0;138.0;97.5
57.0;135.0;96.0
57.0;136.0;96.5
57.0;141.0;99.0
57.0;139.0;98.0
57.0;141.0;99.0
57.0;138.0;97.5
57.0;137.0;97.0
57.0;142.0;99.5
57.0;133.0;95.0
57.0;137.0;97.0
57.0;141.0;99.0
57.0;140.0;98.5
57.0;141.0;99.0
57.0;141.0;99.0
57.0;138.0;97.5
57.0;136.0;96.5
57.0;139.0;98.0
57.0;136.0;96.5
57.0;138.0;97.5
57.0;140.0;98.5
57.0;139.0;98.0
57.0;136.0;96.5
57.0;136.0;96.5
57.0;133.0;95.0
57.0;140.0;98.5
57.0;135.0;96.0
57.0;141.0;99.0
57.0;138.0;97.5
57.0;133.0;95.0
57.0;137.0;97.0
57.0;140.0;98.5
57.0;141.0;99.0
57.0;141.0;99.0
57.0;144.0;100.5
57.0;136.0;96.5
57.0;142.0;99.5
57.0;137.0;97.0
57.0;141.0;99.0
57.0;138.0;97.5
57.0;139.0;98.0
57.0;140.0;98.5
57.0;141.0;99.0
57.0;137.0;97.0
57.0;138.0;97.5
57.0;138.0;97.5
57.0;135.0;96.0
57.0;142.0;99.5
57.0;140.0;98.5
57.0;138.0;97.5
57.0;142.0;99.5
57.0;142.0;99.5
57.0;142.0;99.5
57.0;139.0;98.0
57.0;143.0;100.0
57.0;140.0;98.5
57.0;141.0;99.0
57.0;139.0;98.0
57.0;142.0;99.5
57.0;136.0;96.5
57.0;141.0;99.0
57.0;138.0;97.5
57.0;137.0;97.0
57.0;140.0;98.5
57.0;143.0;100.0
57.0;143.0;100.0
57.0;138.0;97.5
57.0;141.0;99.0
57.0;141.0;99.0
57.0;143.0;100.0
57.0;141.0;99.0
57.0;132.0;94.5
57.0;143.0;100.0
57.0;141.0;99.0
57.0;137.0;97.0
57.0;137.0;97.0
57.0;136.0;96.5
57.0;142.0;99.5
57.0;137.0;97.0
57.0;140.0;98.5
57.0;137.0;97.0
57.0;141.0;99.0
57.0;136.0;96.5
57.0;140.0;98.5
57.0;139.0;98.0
57.0;137.0;97.0
57.0;134.0;95.5
57.0;139.0;98.0
57.0;138.0;97.5
57.0;138.0;97.5
57.0;141.0;99.0
57.0;143.0;100.0
57.0;140.0;98.5
57.0;138.0;97.5
57.0;140.0;98.5
57.0;143.0;100.0
57.0;143.0;100.0
57.0;142.0;99.5
57.0;138.0;97.5
57.0;137.0;97.0
57.0;139.0;98.0
57.0;138.0;97.5
57.0;138.0;97.5
57.0;141.0;99.0
57.0;135.0;96.0
57.0;142.0;99.5
57.0;137.0;97.0
57.0;136.0;96.5
57.0;138.0;97.5
57.0;137.0;97.0
57.0;137.0;97.0
57.0;141.0;99.0
57.0;142.0;99.5
57.0;136.0;96.5
57.0;141.0;99.0
57.0;141.0;99.0
57.0;138.0;97.5
57.0;143.0;100.0
57.0;141.0;99.0
57.0;142.0;99.5
57.0;141.0;99.0
57.0;137.0;97.0
57.0;136.0;96.5
57.0;138.0;97.5
57.0;136.0;96.5
57.0;137.0;97.0
57.0;138.0;97.5
57.0;141.0;99.0
57.0;136.0;96.5
57.0;142.0;99.5
57.0;138.0;97.5
57.0;140.0;98.5
57.0;137.0;97.0
57.0;141.0;99.0
57.0;140.0;98.5
57.0;141.0;99.0
57.0;138.0;97.5
57.0;137.0;97.0
57.0;138.0;97.5
57.0;138.0;97.5
57.0;142.0;99.5
57.0;140.0;98.5
57.0;139.0;98.0
57.0;137.0;97.0
57.0;137.0;97.0
57.0;142.0;99.5
57.0;142.0;99.5
57.0;141.0;99.0
57.0;137.0;97.0
57.0;137.0;97.0
57.0;137.0;97.0
57.0;143.0;100.0
57.0;141.0;99.0
57.0;141.0;99.0
57.0;143.0;100.0
57.0;144.0;100.5
57.0;138.0;97.5
57.0;143.0;100.0
57.0;142.0;99.5
57.0;141.0;99.0
57.0;137.0;97.0
57.0;141.0;99.0
57.0;137.0;97.0
57.0;137.0;97.0
57.0;139.0;98.0
57.0;136.0;96.5
57.0;143.0;100.0
57.0;143.0;100.0
57.0;136.0;96.5
57.0;140.0;98.5
57.0;138.0;97.5
57.0;139.0;98.0
57.0;142.0;99.5
57.0;141.0;99.0
57.0;134.0;95.5
57.0;141.0;99.0
57.0;137.0;97.0
57.0;137.0;97.0
57.0;137.0;97.0
57.0;140.0;98.5
57.0;141.0;99.0
57.0;140.0;98.5
57.0;140.0;98.5
57.0;141.0;99.0
57.0;136.0;96.5
57.0;140.0;98.5
57.0;136.0;96.5
57.0;137.0;97.0
57.0;137.0;97.0
57.0;142.0;99.5
57.0;134.0;95.5
57.0;141.0;99.0
57.0;137.0;97.0
57.0;140.0;98.5
57.0;138.0;97.5
57.0;143.0;100.0
57.0;136.0;96.5
57.0;136.0;96.5
57.0;141.0;99.0
57.0;143.0;100.0
57.0;141.0;99.0
57.0;140.0;98.5
57.0;138.0;97.5
57.0;141.0;99.0
57.0;139.0;98.0
57.0;138.0;97.5
57.0;141.0;99.0
57.0;142.0;99.5
57.0;136.0;96.5
57.0;140.0;98.5
57.0;137.0;97.0
57.0;137.0;97.0
57.0;137.0;97.0
57.0;137.0;97.0
57.0;136.0;96.5
57.0;135.0;96.0
57.0;137.0;97.0
57.0;142.0;99.5
57.0;144.0;100.5
57.0;139.0;98.0
57.0;139.0;98.0
57.0;137.0;97.0
57.0;138.0;97.5
57.0;141.0;99.0
57.0;137.0;97.0
57.0;141.0;99.0
57.0;141.0;99.0
57.0;137.0;97.0
57.0;142.0;99.5
57.0;137.0;97.0
57.0;140.0;98.5
57.0;138.0;97.5
57.0;142.0;99.5
57.0;143.0;100.0
57.0;133.0;95.0
57.0;138.0;97.5
57.0;141.0;99.0
57.0;142.0;99.5
57.0;137.0;97.0
57.0;138.0;97.5
57.0;142.0;99.5
57.0;143.0;100.0
57.0;138.0;97.5
57.0;140.0;98.5
57.0;140.0;98.5
57.0;142.0;99.5
57.0;143.0;100.0
57.0;141.0;99.0
57.0;144.0;100.5
57.0;143.0;100.0
57.0;139.0;98.0
57.0;136.0;96.5
57.0;143.0;100.0
57.0;134.0;95.5
57.0;135.0;96.0
57.0;137.0;97.0
57.0;144.0;100.5
57.0;135.0;96.0
57.0;143.0;100.0
57.0;133.0;95.0
57.0;140.0;98.5
57.0;135.0;96.0
57.0;141.0;99.0
57.0;142.0;99.5
57.0;139.0;98.0
57.0;135.0;96.0
57.0;142.0;99.5
57.0;138.0;97.5
57.0;143.0;100.0
57.0;143.0;100.0
57.0;143.0;100.0
57.0;138.0;97.5
57.0;138.0;97.5
57.0;138.0;97.5
57.0;135.0;96.0
57.0;141.0;99.0
57.0;137.0;97.0
57.0;141.0;99.0
57.0;141.0;99.0
57.0;138.0;97.5
57.0;138.0;97.5
57.0;141.0;99.0
57.0;142.0;99.5
57.0;138.0;97.5
57.0;140.0;98.5
57.0;137.0;97.0
57.0;138.0;97.5
57.0;141.0;99.0
57.0;138.0;97.5
57.0;137.0;97.0
57.0;139.0;98.0
57.0;142.0;99.5
57.0;141.0;99.0
57.0;142.0;99.5
57.0;142.0;99.5
57.0;138.0;97.5
57.0;143.0;100.0
57.0;142.0;99.5
57.0;141.0;99.0
57.0;141.0;99.0
57.0;142.0;99.5
57.0;143.0;100.0
57.0;137.0;97.0
57.0;137.0;97.0
57.0;135.0;96.0
57.0;142.0;99.5
57.0;136.0;96.5
57.0;136.0;96.5
57.0;142.0;99.5
57.0;139.0;98.0
57.0;138.0;97.5
57.0;140.0;98.5
57.0;137.0;97.0
57.0;138.0;97.5
57.0;134.0;95.5
57.0;140.0;98.5
57.0;144.0;100.5
57.0;142.0;99.5
57.0;139.0;98.0
57.0;137.0;97.0
57.0;139.0;98.0
57.0;135.0;96.0
57.0;142.0;99.5
57.0;136.0;96.5
57.0;142.0;99.5
57.0;141.0;99.0
57.0;142.0;99.5
57.0;140.0;98.5
57.0;142.0;99.5
57.0;142.0;99.5
57.0;141.0;99.0
57.0;141.0;99.0
57.0;138.0;97.5
57.0;136.0;96.5
57.0;137.0;97.0
57.0;136.0;96.5
57.0;137.0;97.0
57.0;137.0;97.0
57.0;136.0;96.5
57.0;141.0;99.0
57.0;137.0;97.0
57.0;138.0;97.5
57.0;140.0;98.5
57.0;141.0;99.0
57.0;138.0;97.5
57.0;137.0;97.0
57.0;138.0;97.5
57.0;137.0;97.0
57.0;142.0;99.5
57.0;141.0;99.0
57.0;141.0;99.0
57.0;142.0;99.5
57.0;143.0;100.0
57.0;137.0;97.0
57.0;141.0;99.0
57.0;135.0;96.0
57.0;142.0;99.5
57.0;137.0;97.0
57.0;139.0;98.0
57.0;142.0;99.5
57.0;140.0;98.5
57.0;138.0;97.5
57.0;140.0;98.5
57.0;138.0;97.5
57.0;137.0;97.0
57.0;138.0;97.5
57.0;137.0;97.0
57.0;136.0;96.5
57.0;142.0;99.5
57.0;140.0;98.5
57.0;136.0;96.5
57.0;140.0;98.5
57.0;137.0;97.0
57.0;141.0;99.0
57.0;136.0;96.5
57.0;139.0;98.0
57.0;137.0;97.0
57.0;137.0;97.0
57.0;143.0;100.0
57.0;142.0;99.5
57.0;137.0;97.0
57.0;141.0;99.0
57.0;138.0;97.5
57.0;139.0;98.0
57.0;138.0;97.5
57.0;143.0;100.0
57.0;135.0;96.0
57.0;143.0;100.0
57.0;143.0;100.0
57.0;137.0;97.0
57.0;141.0;99.0
57.0;138.0;97.5
57.0;136.0;96.5
57.0;139.0;98.0
57.0;141.0;99.0
57.0;136.0;96.5
57.0;143.0;100.0
57.0;141.0;99.0
57.0;136.0;96.5
57.0;136.0;96.5
57.0;137.0;97.0
57.0;138.0;97.5
57.0;137.0;97.0
57.0;138.0;97.5
57.0;137.0;97.0
57.0;142.0;99.5
57.0;139.0;98.0
57.0;142.0;99.5
57.0;136.0;96.5
57.0;142.0;99.5
57.0;143.0;100.0
57.0;137.0;97.0
57.0;133.0;95.0
57.0;141.0;99.0
57.0;138.0;97.5
57.0;140.0;98.5
57.0;135.0;96.0
57.0;143.0;100.0
57.0;135.0;96.0
57.0;138.0;97.5
57.0;139.0;98.0
57.0;138.0;97.5
57.0;143.0;100.0
57.0;143.0;100.0
57.0;136.0;96.5
57.0;136.0;96.5
57.0;135.0;96.0
57.0;142.0;99.5
57.0;136.0;96.5
57.0;140.0;98.5
57.0;143.0;100.0
57.0;141.0;99.0
57.0;138.0;97.5
57.0;138.0;97.5
57.0;140.0;98.5
57.0;141.0;99.0
57.0;141.0;99.0
57.0;137.0;97.0
57.0;136.0;96.5
57.0;137.0;97.0
57.0;140.0;98.5
57.0;137.0;97.0
57.0;137.0;97.0
57.0;140.0;98.5
57.0;141.0;99.0
57.0;138.0;97.5
57.0;141.0;99.0
57.0;136.0;96.5
57.0;138.0;97.5
57.0;143.0;100.0
57.0;142.0;99.5
57.0;139.0;98.0
57.0;138.0;97.5
57.0;143.0;100.0
57.0;139.0;98.0
57.0;143.0;100.0
57.0;137.0;97.0
57.0;136.0;96.5
57.0;138.0;97.5
57.0;139.0;98.0
57.0;138.0;97.5
57.0;137.0;97.0
57.0;137.0;97.0
57.0;141.0;99.0
57.0;139.0;98.0
57.0;141.0;99.0
57.0;138.0;97.5
57.0;142.0;99.5
57.0;139.0;98.0
57.0;142.0;99.5
57.0;136.0;96.5
57.0;138.0;97.5
57.0;141.0;99.0
57.0;141.0;99.0
57.0;137.0;97.0
57.0;138.0;97.5
57.0;136.0;96.5
57.0;137.0;97.0
57.0;136.0;96.5
57.0;138.0;97.5
57.0;138.0;97.5
57.0;137.0;97.0
57.0;137.0;97.0
57.0;137.0;97.0
57.0;140.0;98.5
57.0;136.0;96.5
57.0;135.0;96.0
57.0;140.0;98.5
57.0;137.0;97.0
57.0;137.0;97.0
57.0;136.0;96.5
57.0;142.0;99.5
57.0;138.0;97.5
57.0;138.0;97.5
57.0;135.0;96.0
57.0;143.0;100.0
57.0;141.0;99.0
57.0;141.0;99.0
57.0;137.0;97.0
57.0;141.0;99.0
57.0;135.0;96.0
57.0;141.0;99.0
57.0;141.0;99.0
57.0;136.0;96.5
57.0;139.0;98.0
57.0;140.0;98.5
57.0;137.0;97.0
57.0;136.0;96.5
57.0;140.0;98.5
57.0;142.0;99.5
57.0;137.0;97.0
57.0;137.0;97.0
57.0;142.0;99.5
57.0;134.0;95.5
57.0;137.0;97.0
57.0;139.0;98.0
57.0;139.0;98.0
57.0;137.0;97.0
57.0;141.0;99.0
57.0;134.0;95.5
57.0;137.0;97.0
57.0;137.0;97.0
57.0;138.0;97.5
57.0;141.0;99.0
57.0;135.0;96.0
57.0;143.0;100.0
57.0;142.0;99.5
57.0;141.0;99.0
57.0;142.0;99.5
57.0;139.0;98.0
57.0;138.0;97.5
57.0;141.0;99.0
57.0;136.0;96.5
57.0;138.0;97.5
57.0;141.0;99.0
57.0;138.0;97.5
57.0;141.0;99.0
57.0;137.0;97.0
57.0;138.0;97.5
57.0;142.0;99.5
57.0;137.0;97.0
57.0;140.0;98.5
57.0;136.0;96.5
57.0;137.0;97.0
57.0;138.0;97.5
57.0;137.0;97.0
57.0;140.0;98.5
57.0;136.0;96.5
57.0;137.0;97.0
57.0;142.0;99.5
57.0;141.0;99.0
57.0;141.0;99.0
57.0;136.0;96.5
57.0;140.0;98.5
57.0;140.0;98.5
57.0;140.0;98.5
57.0;141.0;99.0
57.0;138.0;97.5
57.0;142.0;99.5
57.0;138.0;97.5
57.0;139.0;98.0
57.0;141.0;99.0
57.0;142.0;99.5
57.0;143.0;100.0
57.0;137.0;97.0
57.0;142.0;99.5
57.0;140.0;98.5
57.0;134.0;95.5
57.0;138.0;97.5
57.0;141.0;99.0
57.0;138.0;97.5
57.0;138.0;97.5
57.0;138.0;97.5
57.0;137.0;97.0
57.0;143.0;100.0
57.0;138.0;97.5
57.0;142.0;99.5
57.0;138.0;97.5
57.0;139.0;98.0
57.0;138.0;97.5
57.0;135.0;96.0
57.0;137.0;97.0
57.0;132.0;94.5
57.0;136.0;96.5
57.0;138.0;97.5
57.0;137.0;97.0
57.0;141.0;99.0
57.0;138.0;97.5
57.0;137.0;97.0
57.0;144.0;100.5
57.0;139.0;98.0
57.0;142.0;99.5
57.0;142.0;99.5
57.0;138.0;97.5
57.0;141.0;99.0
57.0;142.0;99.5
57.0;140.0;98.5
57.0;142.0;99.5
57.0;140.0;98.5
57.0;139.0;98.0
57.0;134.0;95.5
57.0;142.0;99.5
57.0;142.0;99.5
57.0;135.0;96.0
57.0;138.0;97.5
57.0;143.0;100.0
57.0;136.0;96.5
57.0;138.0;97.5
57.0;142.0;99.5
57.0;137.0;97.0
57.0;138.0;97.5
57.0;136.0;96.5
57.0;138.0;97.5
57.0;140.0;98.5
57.0;143.0;100.0
57.0;142.0;99.5
57.0;140.0;98.5
57.0;137.0;97.0
57.0;144.0;100.5
57.0;143.0;100.0
57.0;138.0;97.5
57.0;142.0;99.5
57.0;139.0;98.0
57.0;138.0;97.5
57.0;141.0;99.0
57.0;139.0;98.0
57.0;135.0;96.0
57.0;142.0;99.5
57.0;138.0;97.5
57.0;137.0;97.0
57.0;144.0;100.5
57.0;137.0;97.0
57.0;134.0;95.5
57.0;139.0;98.0
57.0;136.0;96.5
57.0;136.0;96.5
57.0;135.0;96.0
57.0;139.0;98.0
