99.0;136.0;117.5
91.0;141.0;116.0
91.0;141.0;116.0
91.0;143.0;117.0
80.0;141.0;110.5
80.0;142.0;111.0
80.0;142.0;111.0
80.0;141.0;110.5
80.0;141.0;110.5
80.0;143.0;111.5
77.0;143.0;110.0
77.0;143.0;110.0
77.0;142.0;109.5
77.0;143.0;110.0
77.0;143.0;110.0
77.0;142.0;109.5
77.0;141.0;109.0
77.0;142.0;109.5
77.0;143.0;110.0
77.0;141.0;109.0
77.0;144.0;110.5
77.0;138.0;107.5
77.0;143.0;110.0
77.0;142.0;109.5
77.0;141.0;109.0
77.0;142.0;109.5
77.0;142.0;109.5
77.0;142.0;109.5
77.0;142.0;109.5
77.0;143.0;110.0
77.0;141.0;109.0
77.0;140.0;108.5
77.0;141.0;109.0
77.0;143.0;110.0
77.0;142.0;109.5
77.0;142.0;109.5
76.0;142.0;109.0
76.0;142.0;109.0
76.0;139.0;107.5
76.0;141.0;108.5
76.0;141.0;108.5
76.0;142.0;109.0
76.0;141.0;108.5
76.0;141.0;108.5
76.0;143.0;109.5
76.0;138.0;107.0
76.0;143.0;109.5
76.0;141.0;108.5
76.0;142.0;109.0
74.0;143.0;108.5
74.0;142.0;108.0
74.0;144.0;109.0
74.0;141.0;107.5
74.0;141.0;107.5
74.0;143.0;108.5
74.0;142.0;108.0
74.0;142.0;108.0
74.0;140.0;107.0
74.0;142.0;108.0
74.0;141.0;107.5
74.0;142.0;108.0
74.0;142.0;108.0
74.0;142.0;108.0
74.0;140.0;107.0
74.0;142.0;108.0
74.0;144.0;109.0
74.0;141.0;107.5
74.0;142.0;108.0
74.0;143.0;108.5
74.0;141.0;107.5
74.0;142.0;108.0
74.0;142.0;108.0
74.0;142.0;108.0
74.0;139.0;106.5
74.0;143.0;108.5
74.0;143.0;108.5
74.0;143.0;108.5
74.0;143.0;108.5
74.0;140.0;107.0
74.0;143.0;108.5
74.0;142.0;108.0
72.0;142.0;107.0
72.0;141.0;106.5
72.0;142.0;107.0
72.0;142.0;107.0
72.0;143.0;107.5
72.0;139.0;105.5
72.0;140.0;106.0
72.0;138.0;105.0
72.0;138.0;105.0
72.0;140.0;106.0
72.0;138.0;105.0
72.0;142.0;107.0
72.0;142.0;107.0
72.0;141.0;106.5
72.0;143.0;107.5
72.0;141.0;106.5
72.0;142.0;107.0
72.0;142.0;107.0
72.0;142.0;107.0
72.0;142.0;107.0
72.0;143.0;107.5
72.0;143.0;107.5
72.0;143.0;107.5
72.0;143.0;107.5
72.0;142.0;107.0
72.0;142.0;107.0
72.0;142.0;107.0
72.0;139.0;105.5
72.0;144.0;108.0
72.0;142.0;107.0
72.0;141.0;106.5
72.0;142.0;107.0
72.0;142.0;107.0
72.0;144.0;108.0
72.0;143.0;107.5
72.0;138.0;105.0
72.0;141.0;106.5
72.0;144.0;108.0
72.0;141.0;106.5
72.0;143.0;107.5
72.0;140.0;106.0
72.0;142.0;107.0
72.0;142.0;107.0
72.0;142.0;107.0
72.0;143.0;107.5
72.0;143.0;107.5
72.0;142.0;107.0
72.0;142.0;107.0
72.0;142.0;107.0
72.0;140.0;106.0
72.0;141.0;106.5
72.0;143.0;107.5
72.0;142.0;107.0
72.0;144.0;108.0
72.0;142.0;107.0
72.0;143.0;107.5
72.0;144.0;108.0
72.0;142.0;107.0
72.0;143.0;107.5
72.0;142.0;107.0
72.0;142.0;107.0
72.0;143.0;107.5
72.0;141.0;106.5
72.0;141.0;106.5
72.0;141.0;106.5
72.0;143.0;107.5
72.0;138.0;105.0
72.0;143.0;107.5
72.0;142.0;107.0
72.0;144.0;108.0
72.0;143.0;107.5
72.0;141.0;106.5
72.0;144.0;108.0
72.0;140.0;106.0
72.0;141.0;106.5
72.0;141.0;106.5
72.0;143.0;107.5
72.0;140.0;106.0
72.0;144.0;108.0
72.0;142.0;107.0
72.0;142.0;107.0
72.0;143.0;107.5
72.0;143.0;107.5
72.0;142.0;107.0
72.0;141.0;106.5
72.0;144.0;108.0
72.0;141.0;106.5
72.0;143.0;107.5
72.0;142.0;107.0
72.0;142.0;107.0
72.0;143.0;107.5
72.0;143.0;107.5
72.0;141.0;106.5
70.0;142.0;106.0
70.0;139.0;104.5
70.0;144.0;107.0
70.0;142.0;106.0
70.0;142.0;106.0
70.0;143.0;106.5
70.0;143.0;106.5
70.0;141.0;105.5
70.0;143.0;106.5
70.0;143.0;106.5
70.0;142.0;106.0
70.0;143.0;106.5
70.0;143.0;106.5
70.0;142.0;106.0
70.0;142.0;106.0
70.0;141.0;105.5
70.0;141.0;105.5
70.0;141.0;105.5
70.0;144.0;107.0
70.0;141.0;105.5
70.0;141.0;105.5
70.0;142.0;106.0
70.0;141.0;105.5
70.0;141.0;105.5
70.0;143.0;106.5
70.0;143.0;106.5
70.0;143.0;106.5
70.0;142.0;106.0
70.0;143.0;106.5
70.0;143.0;106.5
70.0;142.0;106.0
70.0;141.0;105.5
70.0;143.0;106.5
70.0;141.0;105.5
70.0;137.0;103.5
70.0;143.0;106.5
70.0;142.0;106.0
70.0;143.0;106.5
70.0;143.0;106.5
70.0;142.0;106.0
70.0;142.0;106.0
70.0;138.0;104.0
70.0;142.0;106.0
70.0;141.0;105.5
70.0;142.0;106.0
70.0;143.0;106.5
70.0;140.0;105.0
70.0;142.0;106.0
70.0;143.0;106.5
70.0;142.0;106.0
70.0;142.0;106.0
70.0;141.0;105.5
70.0;144.0;107.0
70.0;143.0;106.5
70.0;143.0;106.5
70.0;143.0;106.5
70.0;142.0;106.0
70.0;141.0;105.5
70.0;141.0;105.5
70.0;143.0;106.5
70.0;140.0;105.0
70.0;142.0;106.0
70.0;142.0;106.0
70.0;143.0;106.5
70.0;141.0;105.5
70.0;141.0;105.5
70.0;143.0;106.5
70.0;142.0;106.0
70.0;144.0;107.0
70.0;141.0;105.5
70.0;144.0;107.0
70.0;143.0;106.5
70.0;142.0;106.0
70.0;142.0;106.0
70.0;144.0;107.0
70.0;143.0;106.5
70.0;142.0;106.0
70.0;143.0;106.5
70.0;141.0;105.5
70.0;140.0;105.0
70.0;138.0;104.0
70.0;141.0;105.5
70.0;142.0;106.0
70.0;143.0;106.5
70.0;141.0;105.5
70.0;143.0;106.5
70.0;142.0;106.0
70.0;143.0;106.5
70.0;139.0;104.5
70.0;142.0;106.0
70.0;142.0;106.0
70.0;141.0;105.5
70.0;143.0;106.5
70.0;141.0;105.5
70.0;142.0;106.0
70.0;143.0;106.5
70.0;142.0;106.0
70.0;139.0;104.5
70.0;143.0;106.5
70.0;144.0;107.0
70.0;142.0;106.0
70.0;140.0;105.0
70.0;141.0;105.5
70.0;142.0;106.0
70.0;142.0;106.0
70.0;140.0;105.0
70.0;141.0;105.5
70.0;138.0;104.0
70.0;143.0;106.5
70.0;141.0;105.5
70.0;141.0;105.5
70.0;142.0;106.0
70.0;143.0;106.5
70.0;142.0;106.0
70.0;141.0;105.5
70.0;141.0;105.5
70.0;141.0;105.5
70.0;139.0;104.5
70.0;143.0;106.5
70.0;140.0;105.0
70.0;142.0;106.0
70.0;142.0;106.0
70.0;143.0;106.5
70.0;143.0;106.5
70.0;141.0;105.5
70.0;142.0;106.0
70.0;142.0;106.0
70.0;142.0;106.0
70.0;140.0;105.0
70.0;142.0;106.0
70.0;141.0;105.5
68.0;143.0;105.5
68.0;143.0;105.5
68.0;141.0;104.5
68.0;142.0;105.0
68.0;142.0;105.0
68.0;142.0;105.0
68.0;143.0;105.5
68.0;142.0;105.0
68.0;142.0;105.0
68.0;143.0;105.5
68.0;142.0;105.0
68.0;142.0;105.0
68.0;142.0;105.0
68.0;144.0;106.0
68.0;143.0;105.5
68.0;143.0;105.5
68.0;141.0;104.5
68.0;142.0;105.0
68.0;144.0;106.0
68.0;141.0;104.5
68.0;141.0;104.5
68.0;143.0;105.5
68.0;144.0;106.0
68.0;142.0;105.0
68.0;141.0;104.5
68.0;142.0;105.0
68.0;142.0;105.0
68.0;143.0;105.5
68.0;143.0;105.5
68.0;142.0;105.0
68.0;142.0;105.0
68.0;143.0;105.5
68.0;142.0;105.0
68.0;142.0;105.0
68.0;142.0;105.0
68.0;142.0;105.0
68.0;143.0;105.5
68.0;138.0;103.0
68.0;141.0;104.5
68.0;142.0;105.0
68.0;140.0;104.0
68.0;141.0;104.5
68.0;142.0;105.0
68.0;141.0;104.5
68.0;142.0;105.0
68.0;141.0;104.5
68.0;143.0;105.5
68.0;143.0;105.5
68.0;143.0;105.5
68.0;142.0;105.0
68.0;138.0;103.0
68.0;144.0;106.0
68.0;140.0;104.0
68.0;143.0;105.5
68.0;143.0;105.5
68.0;143.0;105.5
68.0;140.0;104.0
68.0;141.0;104.5
68.0;142.0;105.0
68.0;143.0;105.5
68.0;143.0;105.5
68.0;143.0;105.5
68.0;142.0;105.0
68.0;142.0;105.0
68.0;140.0;104.0
68.0;143.0;105.5
68.0;144.0;106.0
68.0;141.0;104.5
68.0;144.0;106.0
68.0;143.0;105.5
67.0;143.0;105.0
67.0;143.0;105.0
67.0;143.0;105.0
67.0;143.0;105.0
67.0;141.0;104.0
67.0;142.0;104.5
67.0;143.0;105.0
67.0;138.0;102.5
67.0;143.0;105.0
67.0;143.0;105.0
67.0;143.0;105.0
67.0;141.0;104.0
67.0;141.0;104.0
67.0;142.0;104.5
67.0;142.0;104.5
67.0;140.0;103.5
67.0;143.0;105.0
67.0;144.0;105.5
67.0;143.0;105.0
67.0;144.0;105.5
67.0;143.0;105.0
67.0;143.0;105.0
67.0;141.0;104.0
67.0;142.0;104.5
67.0;138.0;102.5
67.0;141.0;104.0
67.0;143.0;105.0
67.0;142.0;104.5
67.0;141.0;104.0
67.0;141.0;104.0
67.0;141.0;104.0
64.0;141.0;102.5
64.0;142.0;103.0
64.0;142.0;103.0
64.0;143.0;103.5
64.0;142.0;103.0
64.0;142.0;103.0
64.0;143.0;103.5
64.0;142.0;103.0
64.0;141.0;102.5
59.0;143.0;101.0
59.0;142.0;100.5
59.0;143.0;101.0
59.0;143.0;101.0
59.0;141.0;100.0
59.0;143.0;101.0
59.0;142.0;100.5
59.0;143.0;101.0
59.0;140.0;99.5
59.0;141.0;100.0
59.0;142.0;100.5
59.0;142.0;100.5
59.0;143.0;101.0
59.0;142.0;100.5
59.0;143.0;101.0
59.0;142.0;100.5
59.0;142.0;100.5
59.0;143.0;101.0
59.0;143.0;101.0
59.0;140.0;99.5
59.0;143.0;101.0
59.0;141.0;100.0
59.0;139.0;99.0
59.0;140.0;99.5
59.0;144.0;101.5
59.0;141.0;100.0
59.0;140.0;99.5
59.0;143.0;101.0
59.0;138.0;98.5
59.0;143.0;101.0
59.0;140.0;99.5
59.0;141.0;100.0
59.0;142.0;100.5
59.0;143.0;101.0
59.0;141.0;100.0
59.0;140.0;99.5
59.0;143.0;101.0
59.0;143.0;101.0
59.0;143.0;101.0
59.0;142.0;100.5
59.0;142.0;100.5
59.0;142.0;100.5
59.0;143.0;101.0
59.0;143.0;101.0
59.0;143.0;101.0
59.0;143.0;101.0
59.0;143.0;101.0
59.0;144.0;101.5
59.0;141.0;100.0
59.0;140.0;99.5
59.0;142.0;100.5
59.0;140.0;99.5
59.0;143.0;101.0
59.0;142.0;100.5
59.0;141.0;100.0
59.0;142.0;100.5
59.0;142.0;100.5
59.0;139.0;99.0
59.0;143.0;101.0
59.0;142.0;100.5
59.0;142.0;100.5
59.0;144.0;101.5
59.0;143.0;101.0
59.0;143.0;101.0
59.0;142.0;100.5
59.0;141.0;100.0
59.0;141.0;100.0
59.0;143.0;101.0
59.0;143.0;101.0
59.0;142.0;100.5
59.0;139.0;99.0
59.0;142.0;100.5
59.0;142.0;100.5
59.0;142.0;100.5
59.0;143.0;101.0
59.0;144.0;101.5
59.0;139.0;99.0
59.0;143.0;101.0
59.0;143.0;101.0
59.0;141.0;100.0
59.0;143.0;101.0
59.0;140.0;99.5
59.0;142.0;100.5
59.0;141.0;100.0
59.0;143.0;101.0
59.0;143.0;101.0
59.0;142.0;100.5
59.0;142.0;100.5
59.0;142.0;100.5
59.0;142.0;100.5
59.0;143.0;101.0
59.0;142.0;100.5
59.0;143.0;101.0
59.0;143.0;101.0
59.0;138.0;98.5
59.0;143.0;101.0
59.0;143.0;101.0
59.0;144.0;101.5
59.0;143.0;101.0
59.0;143.0;101.0
59.0;144.0;101.5
59.0;142.0;100.5
59.0;139.0;99.0
59.0;140.0;99.5
59.0;143.0;101.0
59.0;143.0;101.0
59.0;142.0;100.5
59.0;142.0;100.5
59.0;143.0;101.0
59.0;142.0;100.5
59.0;142.0;100.5
59.0;143.0;101.0
59.0;141.0;100.0
59.0;143.0;101.0
59.0;142.0;100.5
59.0;142.0;100.5
59.0;142.0;100.5
59.0;142.0;100.5
59.0;140.0;99.5
59.0;142.0;100.5
59.0;141.0;100.0
59.0;139.0;99.0
59.0;141.0;100.0
59.0;141.0;100.0
59.0;143.0;101.0
59.0;143.0;101.0
59.0;142.0;100.5
59.0;144.0;101.5
59.0;141.0;100.0
59.0;142.0;100.5
59.0;141.0;100.0
59.0;141.0;100.0
59.0;142.0;100.5
59.0;140.0;99.5
59.0;138.0;98.5
59.0;143.0;101.0
59.0;143.0;101.0
59.0;143.0;101.0
59.0;143.0;101.0
59.0;140.0;99.5
59.0;143.0;101.0
59.0;142.0;100.5
59.0;141.0;100.0
59.0;142.0;100.5
59.0;143.0;101.0
59.0;144.0;101.5
59.0;142.0;100.5
59.0;142.0;100.5
59.0;142.0;100.5
59.0;141.0;100.0
59.0;142.0;100.5
59.0;142.0;100.5
59.0;140.0;99.5
59.0;142.0;100.5
59.0;142.0;100.5
59.0;141.0;100.0
59.0;143.0;101.0
59.0;143.0;101.0
59.0;142.0;100.5
59.0;142.0;100.5
59.0;141.0;100.0
59.0;142.0;100.5
59.0;143.0;101.0
59.0;143.0;101.0
59.0;143.0;101.0
59.0;142.0;100.5
59.0;142.0;100.5
59.0;143.0;101.0
59.0;138.0;98.5
59.0;143.0;101.0
59.0;142.0;100.5
59.0;141.0;100.0
59.0;142.0;100.5
59.0;142.0;100.5
59.0;143.0;101.0
59.0;142.0;100.5
59.0;143.0;101.0
59.0;142.0;100.5
59.0;143.0;101.0
59.0;143.0;101.0
59.0;143.0;101.0
59.0;140.0;99.5
59.0;142.0;100.5
59.0;142.0;100.5
59.0;141.0;100.0
59.0;141.0;100.0
59.0;142.0;100.5
59.0;143.0;101.0
59.0;143.0;101.0
59.0;143.0;101.0
59.0;143.0;101.0
59.0;143.0;101.0
59.0;142.0;100.5
59.0;142.0;100.5
59.0;141.0;100.0
59.0;141.0;100.0
59.0;141.0;100.0
59.0;139.0;99.0
59.0;142.0;100.5
59.0;142.0;100.5
59.0;142.0;100.5
59.0;144.0;101.5
59.0;141.0;100.0
59.0;141.0;100.0
59.0;144.0;101.5
59.0;141.0;100.0
59.0;141.0;100.0
59.0;141.0;100.0
59.0;143.0;101.0
59.0;140.0;99.5
59.0;143.0;101.0
59.0;143.0;101.0
59.0;140.0;99.5
59.0;141.0;100.0
59.0;140.0;99.5
59.0;141.0;100.0
59.0;143.0;101.0
59.0;142.0;100.5
59.0;142.0;100.5
59.0;139.0;99.0
59.0;142.0;100.5
59.0;142.0;100.5
59.0;142.0;100.5
59.0;143.0;101.0
59.0;143.0;101.0
59.0;143.0;101.0
59.0;144.0;101.5
59.0;144.0;101.5
59.0;142.0;100.5
59.0;139.0;99.0
59.0;142.0;100.5
59.0;141.0;100.0
59.0;142.0;100.5
59.0;144.0;101.5
59.0;141.0;100.0
59.0;141.0;100.0
59.0;143.0;101.0
59.0;141.0;100.0
59.0;141.0;100.0
59.0;143.0;101.0
59.0;142.0;100.5
59.0;142.0;100.5
59.0;142.0;100.5
59.0;143.0;101.0
59.0;142.0;100.5
59.0;140.0;99.5
59.0;144.0;101.5
59.0;141.0;100.0
59.0;143.0;101.0
59.0;144.0;101.5
59.0;143.0;101.0
59.0;143.0;101.0
59.0;140.0;99.5
59.0;140.0;99.5
59.0;143.0;101.0
59.0;143.0;101.0
59.0;141.0;100.0
59.0;142.0;100.5
59.0;142.0;100.5
59.0;142.0;100.5
59.0;143.0;101.0
59.0;142.0;100.5
59.0;142.0;100.5
59.0;142.0;100.5
59.0;143.0;101.0
59.0;141.0;100.0
59.0;142.0;100.5
59.0;142.0;100.5
59.0;141.0;100.0
59.0;141.0;100.0
59.0;143.0;101.0
59.0;141.0;100.0
59.0;143.0;101.0
59.0;143.0;101.0
59.0;142.0;100.5
59.0;142.0;100.5
59.0;141.0;100.0
59.0;143.0;101.0
59.0;143.0;101.0
59.0;143.0;101.0
59.0;142.0;100.5
59.0;143.0;101.0
59.0;142.0;100.5
59.0;141.0;100.0
59.0;141.0;100.0
59.0;142.0;100.5
59.0;142.0;100.5
59.0;140.0;99.5
59.0;142.0;100.5
59.0;144.0;101.5
59.0;144.0;101.5
59.0;142.0;100.5
59.0;141.0;100.0
59.0;144.0;101.5
59.0;142.0;100.5
59.0;143.0;101.0
59.0;143.0;101.0
59.0;142.0;100.5
59.0;141.0;100.0
59.0;142.0;100.5
59.0;142.0;100.5
59.0;141.0;100.0
59.0;141.0;100.0
59.0;140.0;99.5
59.0;144.0;101.5
59.0;141.0;100.0
59.0;140.0;99.5
59.0;141.0;100.0
59.0;142.0;100.5
59.0;141.0;100.0
59.0;142.0;100.5
59.0;142.0;100.5
59.0;143.0;101.0
59.0;142.0;100.5
59.0;143.0;101.0
59.0;143.0;101.0
59.0;142.0;100.5
59.0;142.0;100.5
59.0;141.0;100.0
59.0;141.0;100.0
59.0;139.0;99.0
59.0;142.0;100.5
59.0;141.0;100.0
59.0;143.0;101.0
59.0;141.0;100.0
59.0;143.0;101.0
59.0;142.0;100.5
59.0;142.0;100.5
59.0;142.0;100.5
59.0;144.0;101.5
59.0;144.0;101.5
59.0;142.0;100.5
59.0;143.0;101.0
59.0;143.0;101.0
59.0;144.0;101.5
59.0;139.0;99.0
59.0;142.0;100.5
59.0;138.0;98.5
59.0;142.0;100.5
59.0;142.0;100.5
59.0;143.0;101.0
59.0;143.0;101.0
59.0;143.0;101.0
59.0;141.0;100.0
59.0;143.0;101.0
59.0;142.0;100.5
59.0;143.0;101.0
59.0;142.0;100.5
59.0;143.0;101.0
59.0;143.0;101.0
59.0;143.0;101.0
59.0;141.0;100.0
59.0;140.0;99.5
59.0;143.0;101.0
59.0;142.0;100.5
59.0;139.0;99.0
59.0;142.0;100.5
59.0;142.0;100.5
59.0;141.0;100.0
59.0;143.0;101.0
59.0;142.0;100.5
59.0;143.0;101.0
59.0;142.0;100.5
59.0;142.0;100.5
59.0;142.0;100.5
59.0;142.0;100.5
59.0;142.0;100.5
59.0;143.0;101.0
59.0;142.0;100.5
59.0;144.0;101.5
59.0;142.0;100.5
59.0;143.0;101.0
59.0;143.0;101.0
59.0;142.0;100.5
59.0;142.0;100.5
59.0;142.0;100.5
59.0;142.0;100.5
59.0;142.0;100.5
59.0;141.0;100.0
59.0;141.0;100.0
59.0;142.0;100.5
59.0;143.0;101.0
59.0;142.0;100.5
59.0;142.0;100.5
59.0;143.0;101.0
59.0;142.0;100.5
59.0;143.0;101.0
59.0;142.0;100.5
59.0;142.0;100.5
59.0;142.0;100.5
59.0;141.0;100.0
59.0;143.0;101.0
59.0;143.0;101.0
59.0;143.0;101.0
59.0;142.0;100.5
59.0;142.0;100.5
59.0;142.0;100.5
59.0;143.0;101.0
59.0;142.0;100.5
59.0;143.0;101.0
59.0;143.0;101.0
59.0;141.0;100.0
59.0;143.0;101.0
59.0;143.0;101.0
59.0;142.0;100.5
59.0;139.0;99.0
59.0;140.0;99.5
59.0;141.0;100.0
59.0;142.0;100.5
59.0;143.0;101.0
59.0;142.0;100.5
59.0;143.0;101.0
59.0;143.0;101.0
59.0;143.0;101.0
59.0;137.0;98.0
59.0;142.0;100.5
59.0;143.0;101.0
59.0;142.0;100.5
59.0;141.0;100.0
59.0;141.0;100.0
59.0;142.0;100.5
59.0;142.0;100.5
59.0;143.0;101.0
59.0;142.0;100.5
59.0;143.0;101.0
59.0;142.0;100.5
59.0;142.0;100.5
59.0;142.0;100.5
59.0;141.0;100.0
59.0;141.0;100.0
59.0;143.0;101.0
59.0;143.0;101.0
59.0;142.0;100.5
59.0;142.0;100.5
59.0;142.0;100.5
59.0;143.0;101.0
59.0;144.0;101.5
59.0;142.0;100.5
59.0;143.0;101.0
59.0;142.0;100.5
59.0;140.0;99.5
59.0;141.0;100.0
59.0;143.0;101.0
59.0;142.0;100.5
59.0;140.0;99.5
59.0;142.0;100.5
59.0;142.0;100.5
59.0;143.0;101.0
59.0;138.0;98.5
59.0;143.0;101.0
59.0;143.0;101.0
59.0;142.0;100.5
59.0;142.0;100.5
59.0;142.0;100.5
59.0;142.0;100.5
59.0;142.0;100.5
59.0;141.0;100.0
59.0;139.0;99.0
59.0;142.0;100.5
59.0;142.0;100.5
59.0;144.0;101.5
59.0;142.0;100.5
59.0;141.0;100.0
59.0;142.0;100.5
59.0;139.0;99.0
59.0;142.0;100.5
59.0;143.0;101.0
59.0;141.0;100.0
59.0;144.0;101.5
59.0;143.0;101.0
59.0;140.0;99.5
59.0;142.0;100.5
59.0;141.0;100.0
59.0;142.0;100.5
59.0;142.0;100.5
59.0;141.0;100.0
59.0;141.0;100.0
59.0;142.0;100.5
59.0;141.0;100.0
59.0;142.0;100.5
59.0;140.0;99.5
59.0;144.0;101.5
59.0;142.0;100.5
59.0;142.0;100.5
59.0;144.0;101.5
59.0;143.0;101.0
59.0;143.0;101.0
59.0;141.0;100.0
59.0;143.0;101.0
59.0;142.0;100.5
59.0;142.0;100.5
59.0;140.0;99.5
59.0;144.0;101.5
59.0;142.0;100.5
59.0;141.0;100.0
59.0;138.0;98.5
59.0;142.0;100.5
59.0;143.0;101.0
59.0;142.0;100.5
59.0;144.0;101.5
59.0;141.0;100.0
59.0;143.0;101.0
59.0;140.0;99.5
59.0;143.0;101.0
59.0;144.0;101.5
59.0;142.0;100.5
59.0;142.0;100.5
59.0;140.0;99.5
59.0;141.0;100.0
59.0;143.0;101.0
59.0;143.0;101.0
59.0;140.0;99.5
59.0;138.0;98.5
59.0;142.0;100.5
59.0;141.0;100.0
59.0;141.0;100.0
59.0;141.0;100.0
59.0;141.0;100.0
59.0;142.0;100.5
59.0;141.0;100.0
59.0;141.0;100.0
59.0;142.0;100.5
59.0;141.0;100.0
59.0;143.0;101.0
59.0;142.0;100.5
59.0;143.0;101.0
59.0;142.0;100.5
59.0;140.0;99.5
59.0;143.0;101.0
59.0;141.0;100.0
59.0;143.0;101.0
59.0;142.0;100.5
59.0;140.0;99.5
59.0;142.0;100.5
59.0;139.0;99.0
59.0;141.0;100.0
59.0;142.0;100.5
59.0;142.0;100.5
59.0;143.0;101.0
59.0;142.0;100.5
59.0;142.0;100.5
59.0;144.0;101.5
59.0;141.0;100.0
59.0;144.0;101.5
59.0;142.0;100.5
59.0;142.0;100.5
59.0;143.0;101.0
59.0;138.0;98.5
59.0;143.0;101.0
59.0;143.0;101.0
59.0;142.0;100.5
59.0;144.0;101.5
59.0;142.0;100.5
59.0;142.0;100.5
59.0;140.0;99.5
59.0;143.0;101.0
59.0;141.0;100.0
59.0;142.0;100.5
59.0;143.0;101.0
59.0;143.0;101.0
59.0;143.0;101.0
59.0;142.0;100.5
59.0;143.0;101.0
59.0;138.0;98.5
59.0;141.0;100.0
59.0;141.0;100.0
59.0;141.0;100.0
59.0;140.0;99.5
59.0;142.0;100.5
59.0;143.0;101.0
59.0;142.0;100.5
59.0;142.0;100.5
59.0;142.0;100.5
59.0;143.0;101.0
59.0;142.0;100.5
59.0;142.0;100.5
59.0;142.0;100.5
59.0;141.0;100.0
59.0;143.0;101.0
59.0;141.0;100.0
59.0;141.0;100.0
59.0;142.0;100.5
59.0;143.0;101.0
59.0;143.0;101.0
59.0;143.0;101.0
