99.0;136.0;117.5
97.0;136.0;116.5
97.0;130.0;113.5
85.0;143.0;114.0
85.0;135.0;110.0
85.0;136.0;110.5
85.0;137.0;111.0
85.0;131.0;108.0
85.0;133.0;109.0
85.0;133.0;109.0
77.0;138.0;107.5
77.0;131.0;104.0
77.0;122.0;99.5
77.0;129.0;103.0
77.0;124.0;100.5
77.0;130.0;103.5
77.0;122.0;99.5
76.0;126.0;101.0
76.0;129.0;102.5
76.0;130.0;103.0
76.0;118.0;97.0
76.0;131.0;103.5
76.0;134.0;105.0
76.0;126.0;101.0
76.0;128.0;102.0
76.0;132.0;104.0
76.0;123.0;99.5
76.0;126.0;101.0
76.0;131.0;103.5
76.0;132.0;104.0
76.0;130.0;103.0
76.0;141.0;108.5
76.0;131.0;103.5
76.0;142.0;109.0
76.0;124.0;100.0
76.0;132.0;104.0
76.0;127.0;101.5
76.0;134.0;105.0
76.0;120.0;98.0
76.0;133.0;104.5
76.0;135.0;105.5
76.0;132.0;104.0
76.0;123.0;99.5
76.0;135.0;105.5
76.0;129.0;102.5
76.0;136.0;106.0
76.0;125.0;100.5
76.0;121.0;98.5
76.0;136.0;106.0
76.0;136.0;106.0
76.0;132.0;104.0
76.0;129.0;102.5
76.0;125.0;100.5
76.0;122.0;99.0
76.0;136.0;106.0
76.0;137.0;106.5
76.0;132.0;104.0
76.0;128.0;102.0
76.0;125.0;100.5
76.0;125.0;100.5
76.0;131.0;103.5
76.0;131.0;103.5
76.0;129.0;102.5
76.0;138.0;107.0
76.0;137.0;106.5
76.0;136.0;106.0
76.0;134.0;105.0
76.0;133.0;104.5
76.0;132.0;104.0
76.0;128.0;102.0
76.0;125.0;100.5
76.0;119.0;97.5
76.0;125.0;100.5
76.0;123.0;99.5
76.0;135.0;105.5
76.0;141.0;108.5
76.0;132.0;104.0
76.0;125.0;100.5
76.0;128.0;102.0
76.0;123.0;99.5
76.0;132.0;104.0
76.0;130.0;103.0
76.0;138.0;107.0
76.0;136.0;106.0
76.0;127.0;101.5
76.0;130.0;103.0
76.0;129.0;102.5
76.0;135.0;105.5
76.0;136.0;106.0
76.0;126.0;101.0
76.0;123.0;99.5
76.0;135.0;105.5
76.0;129.0;102.5
76.0;133.0;104.5
76.0;127.0;101.5
76.0;120.0;98.0
76.0;129.0;102.5
76.0;130.0;103.0
76.0;129.0;102.5
76.0;131.0;103.5
76.0;131.0;103.5
76.0;129.0;102.5
76.0;132.0;104.0
76.0;132.0;104.0
76.0;126.0;101.0
76.0;127.0;101.5
76.0;137.0;106.5
76.0;128.0;102.0
76.0;132.0;104.0
76.0;121.0;98.5
72.0;125.0;98.5
72.0;138.0;105.0
72.0;133.0;102.5
72.0;138.0;105.0
72.0;132.0;102.0
72.0;131.0;101.5
72.0;129.0;100.5
72.0;126.0;99.0
72.0;131.0;101.5
72.0;133.0;102.5
72.0;128.0;100.0
72.0;126.0;99.0
72.0;126.0;99.0
72.0;127.0;99.5
72.0;133.0;102.5
72.0;131.0;101.5
72.0;121.0;96.5
72.0;132.0;102.0
69.0;126.0;97.5
69.0;142.0;105.5
69.0;118.0;93.5
69.0;137.0;103.0
69.0;136.0;102.5
69.0;123.0;96.0
69.0;122.0;95.5
69.0;128.0;98.5
69.0;128.0;98.5
69.0;127.0;98.0
69.0;128.0;98.5
69.0;134.0;101.5
69.0;127.0;98.0
64.0;135.0;99.5
62.0;126.0;94.0
62.0;126.0;94.0
62.0;131.0;96.5
62.0;132.0;97.0
62.0;132.0;97.0
62.0;131.0;96.5
62.0;125.0;93.5
62.0;121.0;91.5
62.0;133.0;97.5
62.0;126.0;94.0
62.0;136.0;99.0
62.0;130.0;96.0
62.0;125.0;93.5
62.0;135.0;98.5
62.0;132.0;97.0
62.0;130.0;96.0
62.0;127.0;94.5
62.0;131.0;96.5
62.0;131.0;96.5
62.0;125.0;93.5
62.0;136.0;99.0
62.0;128.0;95.0
62.0;125.0;93.5
62.0;136.0;99.0
62.0;130.0;96.0
62.0;133.0;97.5
62.0;127.0;94.5
62.0;137.0;99.5
62.0;130.0;96.0
62.0;140.0;101.0
62.0;128.0;95.0
62.0;132.0;97.0
62.0;125.0;93.5
62.0;121.0;91.5
62.0;120.0;91.0
62.0;126.0;94.0
62.0;133.0;97.5
62.0;128.0;95.0
62.0;132.0;97.0
62.0;125.0;93.5
62.0;127.0;94.5
62.0;136.0;99.0
62.0;128.0;95.0
62.0;125.0;93.5
62.0;124.0;93.0
62.0;134.0;98.0
62.0;131.0;96.5
62.0;136.0;99.0
62.0;131.0;96.5
62.0;138.0;100.0
62.0;131.0;96.5
62.0;120.0;91.0
62.0;136.0;99.0
62.0;130.0;96.0
62.0;132.0;97.0
62.0;126.0;94.0
62.0;126.0;94.0
62.0;126.0;94.0
62.0;126.0;94.0
62.0;122.0;92.0
62.0;126.0;94.0
58.0;131.0;94.5
58.0;128.0;93.0
58.0;131.0;94.5
58.0;117.0;87.5
58.0;125.0;91.5
58.0;128.0;93.0
58.0;128.0;93.0
58.0;130.0;94.0
58.0;129.0;93.5
58.0;124.0;91.0
58.0;130.0;94.0
58.0;133.0;95.5
58.0;119.0;88.5
58.0;137.0;97.5
58.0;129.0;93.5
58.0;131.0;94.5
58.0;129.0;93.5
58.0;125.0;91.5
58.0;127.0;92.5
58.0;132.0;95.0
58.0;117.0;87.5
58.0;125.0;91.5
58.0;128.0;93.0
58.0;132.0;95.0
58.0;133.0;95.5
58.0;131.0;94.5
58.0;138.0;98.0
58.0;133.0;95.5
58.0;136.0;97.0
58.0;132.0;95.0
58.0;134.0;96.0
58.0;134.0;96.0
58.0;128.0;93.0
58.0;137.0;97.5
58.0;133.0;95.5
58.0;121.0;89.5
58.0;130.0;94.0
58.0;129.0;93.5
58.0;139.0;98.5
58.0;127.0;92.5
58.0;134.0;96.0
58.0;131.0;94.5
58.0;125.0;91.5
58.0;134.0;96.0
58.0;126.0;92.0
58.0;137.0;97.5
58.0;131.0;94.5
58.0;131.0;94.5
58.0;131.0;94.5
58.0;127.0;92.5
58.0;122.0;90.0
58.0;128.0;93.0
58.0;132.0;95.0
58.0;129.0;93.5
58.0;138.0;98.0
58.0;138.0;98.0
58.0;129.0;93.5
58.0;126.0;92.0
58.0;126.0;92.0
58.0;128.0;93.0
58.0;132.0;95.0
58.0;128.0;93.0
58.0;126.0;92.0
58.0;119.0;88.5
58.0;122.0;90.0
58.0;122.0;90.0
58.0;122.0;90.0
58.0;126.0;92.0
58.0;132.0;95.0
58.0;130.0;94.0
58.0;125.0;91.5
58.0;134.0;96.0
58.0;118.0;88.0
58.0;133.0;95.5
58.0;131.0;94.5
58.0;127.0;92.5
58.0;125.0;91.5
58.0;129.0;93.5
58.0;135.0;96.5
58.0;131.0;94.5
58.0;137.0;97.5
58.0;135.0;96.5
58.0;124.0;91.0
58.0;123.0;90.5
58.0;137.0;97.5
58.0;131.0;94.5
58.0;124.0;91.0
58.0;134.0;96.0
58.0;126.0;92.0
58.0;136.0;97.0
58.0;131.0;94.5
58.0;119.0;88.5
58.0;131.0;94.5
58.0;138.0;98.0
58.0;133.0;95.5
58.0;131.0;94.5
58.0;135.0;96.5
58.0;135.0;96.5
58.0;124.0;91.0
58.0;128.0;93.0
58.0;136.0;97.0
58.0;130.0;94.0
58.0;126.0;92.0
58.0;124.0;91.0
58.0;129.0;93.5
58.0;130.0;94.0
58.0;130.0;94.0
58.0;141.0;99.5
58.0;119.0;88.5
58.0;134.0;96.0
58.0;129.0;93.5
58.0;128.0;93.0
58.0;121.0;89.5
58.0;124.0;91.0
58.0;120.0;89.0
58.0;133.0;95.5
58.0;127.0;92.5
58.0;119.0;88.5
58.0;124.0;91.0
58.0;127.0;92.5
58.0;131.0;94.5
58.0;125.0;91.5
58.0;140.0;99.0
58.0;125.0;91.5
58.0;129.0;93.5
58.0;124.0;91.0
58.0;135.0;96.5
58.0;135.0;96.5
58.0;129.0;93.5
58.0;137.0;97.5
58.0;128.0;93.0
58.0;125.0;91.5
58.0;123.0;90.5
58.0;128.0;93.0
58.0;127.0;92.5
58.0;124.0;91.0
58.0;129.0;93.5
58.0;124.0;91.0
58.0;136.0;97.0
58.0;127.0;92.5
58.0;127.0;92.5
58.0;121.0;89.5
58.0;122.0;90.0
58.0;130.0;94.0
58.0;127.0;92.5
58.0;122.0;90.0
58.0;129.0;93.5
58.0;130.0;94.0
58.0;131.0;94.5
58.0;123.0;90.5
58.0;132.0;95.0
58.0;131.0;94.5
58.0;133.0;95.5
58.0;122.0;90.0
58.0;134.0;96.0
58.0;128.0;93.0
58.0;131.0;94.5
58.0;111.0;84.5
58.0;132.0;95.0
58.0;131.0;94.5
58.0;127.0;92.5
58.0;122.0;90.0
58.0;129.0;93.5
58.0;126.0;92.0
57.0;128.0;92.5
57.0;143.0;100.0
57.0;127.0;92.0
57.0;130.0;93.5
57.0;128.0;92.5
57.0;112.0;84.5
57.0;127.0;92.0
57.0;123.0;90.0
57.0;127.0;92.0
57.0;122.0;89.5
57.0;122.0;89.5
57.0;135.0;96.0
57.0;131.0;94.0
57.0;130.0;93.5
57.0;136.0;96.5
57.0;111.0;84.0
57.0;126.0;91.5
57.0;132.0;94.5
57.0;125.0;91.0
57.0;124.0;90.5
57.0;124.0;90.5
57.0;132.0;94.5
57.0;124.0;90.5
57.0;133.0;95.0
57.0;128.0;92.5
57.0;127.0;92.0
57.0;126.0;91.5
57.0;122.0;89.5
57.0;133.0;95.0
57.0;130.0;93.5
57.0;125.0;91.0
57.0;135.0;96.0
57.0;131.0;94.0
57.0;127.0;92.0
57.0;122.0;89.5
57.0;129.0;93.0
57.0;136.0;96.5
57.0;143.0;100.0
57.0;124.0;90.5
57.0;125.0;91.0
57.0;125.0;91.0
57.0;132.0;94.5
57.0;126.0;91.5
57.0;129.0;93.0
57.0;129.0;93.0
57.0;130.0;93.5
57.0;125.0;91.0
57.0;133.0;95.0
57.0;132.0;94.5
57.0;125.0;91.0
56.0;124.0;90.0
56.0;126.0;91.0
56.0;127.0;91.5
56.0;129.0;92.5
56.0;137.0;96.5
56.0;137.0;96.5
56.0;130.0;93.0
56.0;123.0;89.5
56.0;136.0;96.0
56.0;120.0;88.0
56.0;127.0;91.5
56.0;131.0;93.5
56.0;131.0;93.5
56.0;133.0;94.5
56.0;133.0;94.5
56.0;132.0;94.0
56.0;127.0;91.5
56.0;120.0;88.0
56.0;121.0;88.5
56.0;128.0;92.0
56.0;125.0;90.5
56.0;132.0;94.0
56.0;135.0;95.5
56.0;137.0;96.5
56.0;130.0;93.0
56.0;122.0;89.0
56.0;131.0;93.5
56.0;129.0;92.5
56.0;133.0;94.5
56.0;133.0;94.5
56.0;139.0;97.5
56.0;131.0;93.5
56.0;123.0;89.5
56.0;132.0;94.0
56.0;127.0;91.5
56.0;122.0;89.0
56.0;130.0;93.0
56.0;123.0;89.5
56.0;120.0;88.0
56.0;134.0;95.0
56.0;131.0;93.5
56.0;123.0;89.5
56.0;118.0;87.0
56.0;121.0;88.5
56.0;129.0;92.5
56.0;135.0;95.5
56.0;135.0;95.5
56.0;123.0;89.5
56.0;127.0;91.5
56.0;136.0;96.0
56.0;128.0;92.0
56.0;137.0;96.5
56.0;136.0;96.0
56.0;136.0;96.0
56.0;126.0;91.0
56.0;116.0;86.0
56.0;124.0;90.0
56.0;121.0;88.5
56.0;124.0;90.0
56.0;115.0;85.5
56.0;131.0;93.5
56.0;131.0;93.5
56.0;122.0;89.0
56.0;136.0;96.0
56.0;119.0;87.5
56.0;138.0;97.0
56.0;131.0;93.5
56.0;126.0;91.0
56.0;132.0;94.0
56.0;129.0;92.5
56.0;126.0;91.0
56.0;131.0;93.5
56.0;121.0;88.5
56.0;136.0;96.0
56.0;130.0;93.0
56.0;134.0;95.0
56.0;131.0;93.5
56.0;122.0;89.0
56.0;125.0;90.5
56.0;129.0;92.5
56.0;121.0;88.5
56.0;124.0;90.0
56.0;132.0;94.0
56.0;126.0;91.0
56.0;123.0;89.5
56.0;121.0;88.5
56.0;132.0;94.0
56.0;131.0;93.5
56.0;132.0;94.0
56.0;132.0;94.0
56.0;133.0;94.5
56.0;136.0;96.0
56.0;132.0;94.0
56.0;129.0;92.5
56.0;130.0;93.0
56.0;136.0;96.0
56.0;125.0;90.5
56.0;136.0;96.0
56.0;127.0;91.5
56.0;120.0;88.0
56.0;137.0;96.5
53.0;125.0;89.0
53.0;133.0;93.0
53.0;134.0;93.5
53.0;124.0;88.5
53.0;127.0;90.0
53.0;136.0;94.5
53.0;132.0;92.5
53.0;131.0;92.0
53.0;127.0;90.0
53.0;138.0;95.5
53.0;139.0;96.0
53.0;121.0;87.0
53.0;126.0;89.5
53.0;124.0;88.5
53.0;140.0;96.5
53.0;131.0;92.0
53.0;128.0;90.5
53.0;130.0;91.5
53.0;132.0;92.5
53.0;131.0;92.0
53.0;130.0;91.5
53.0;126.0;89.5
53.0;131.0;92.0
53.0;131.0;92.0
53.0;135.0;94.0
53.0;130.0;91.5
53.0;127.0;90.0
53.0;125.0;89.0
53.0;132.0;92.5
53.0;129.0;91.0
53.0;132.0;92.5
53.0;130.0;91.5
53.0;125.0;89.0
53.0;130.0;91.5
53.0;132.0;92.5
53.0;114.0;83.5
53.0;133.0;93.0
53.0;132.0;92.5
53.0;122.0;87.5
53.0;126.0;89.5
53.0;140.0;96.5
53.0;126.0;89.5
53.0;125.0;89.0
53.0;128.0;90.5
53.0;135.0;94.0
53.0;134.0;93.5
53.0;131.0;92.0
53.0;123.0;88.0
53.0;127.0;90.0
53.0;125.0;89.0
53.0;126.0;89.5
53.0;120.0;86.5
53.0;127.0;90.0
53.0;123.0;88.0
53.0;133.0;93.0
53.0;127.0;90.0
53.0;120.0;86.5
53.0;136.0;94.5
53.0;141.0;97.0
53.0;127.0;90.0
53.0;131.0;92.0
53.0;124.0;88.5
53.0;123.0;88.0
53.0;130.0;91.5
53.0;133.0;93.0
53.0;134.0;93.5
53.0;136.0;94.5
53.0;121.0;87.0
53.0;122.0;87.5
53.0;122.0;87.5
53.0;123.0;88.0
53.0;125.0;89.0
53.0;142.0;97.5
53.0;132.0;92.5
53.0;131.0;92.0
53.0;129.0;91.0
53.0;125.0;89.0
53.0;141.0;97.0
53.0;132.0;92.5
53.0;132.0;92.5
53.0;132.0;92.5
53.0;125.0;89.0
53.0;140.0;96.5
53.0;126.0;89.5
53.0;124.0;88.5
53.0;131.0;92.0
53.0;135.0;94.0
53.0;135.0;94.0
53.0;128.0;90.5
53.0;137.0;95.0
53.0;134.0;93.5
53.0;136.0;94.5
53.0;129.0;91.0
53.0;122.0;87.5
53.0;126.0;89.5
53.0;129.0;91.0
53.0;134.0;93.5
53.0;130.0;91.5
53.0;137.0;95.0
53.0;131.0;92.0
53.0;129.0;91.0
53.0;137.0;95.0
53.0;119.0;86.0
53.0;135.0;94.0
53.0;138.0;95.5
53.0;120.0;86.5
53.0;132.0;92.5
53.0;128.0;90.5
53.0;127.0;90.0
53.0;129.0;91.0
53.0;120.0;86.5
53.0;141.0;97.0
53.0;136.0;94.5
53.0;126.0;89.5
53.0;139.0;96.0
53.0;136.0;94.5
53.0;136.0;94.5
53.0;122.0;87.5
53.0;123.0;88.0
53.0;128.0;90.5
53.0;126.0;89.5
53.0;132.0;92.5
53.0;133.0;93.0
53.0;130.0;91.5
53.0;136.0;94.5
53.0;131.0;92.0
53.0;136.0;94.5
53.0;125.0;89.0
53.0;130.0;91.5
53.0;133.0;93.0
53.0;131.0;92.0
53.0;120.0;86.5
53.0;127.0;90.0
53.0;130.0;91.5
53.0;126.0;89.5
53.0;127.0;90.0
53.0;128.0;90.5
53.0;131.0;92.0
53.0;132.0;92.5
53.0;125.0;89.0
53.0;132.0;92.5
53.0;126.0;89.5
53.0;137.0;95.0
53.0;132.0;92.5
53.0;122.0;87.5
53.0;134.0;93.5
53.0;126.0;89.5
53.0;126.0;89.5
53.0;128.0;90.5
53.0;126.0;89.5
53.0;115.0;84.0
53.0;137.0;95.0
53.0;125.0;89.0
53.0;122.0;87.5
53.0;132.0;92.5
53.0;127.0;90.0
53.0;121.0;87.0
53.0;127.0;90.0
53.0;138.0;95.5
53.0;124.0;88.5
53.0;128.0;90.5
53.0;124.0;88.5
53.0;127.0;90.0
53.0;137.0;95.0
53.0;135.0;94.0
53.0;124.0;88.5
53.0;132.0;92.5
53.0;126.0;89.5
53.0;138.0;95.5
53.0;126.0;89.5
53.0;127.0;90.0
53.0;127.0;90.0
53.0;136.0;94.5
53.0;129.0;91.0
53.0;129.0;91.0
53.0;130.0;91.5
53.0;126.0;89.5
53.0;142.0;97.5
53.0;126.0;89.5
53.0;123.0;88.0
53.0;133.0;93.0
53.0;126.0;89.5
53.0;127.0;90.0
53.0;129.0;91.0
53.0;123.0;88.0
48.0;130.0;89.0
48.0;134.0;91.0
48.0;130.0;89.0
48.0;134.0;91.0
48.0;136.0;92.0
48.0;123.0;85.5
48.0;123.0;85.5
48.0;130.0;89.0
48.0;128.0;88.0
48.0;136.0;92.0
48.0;132.0;90.0
48.0;133.0;90.5
48.0;126.0;87.0
48.0;119.0;83.5
48.0;125.0;86.5
48.0;132.0;90.0
48.0;126.0;87.0
48.0;119.0;83.5
48.0;130.0;89.0
48.0;127.0;87.5
48.0;124.0;86.0
48.0;125.0;86.5
48.0;127.0;87.5
48.0;133.0;90.5
48.0;132.0;90.0
48.0;122.0;85.0
48.0;135.0;91.5
48.0;132.0;90.0
48.0;128.0;88.0
48.0;125.0;86.5
48.0;128.0;88.0
48.0;137.0;92.5
48.0;127.0;87.5
48.0;126.0;87.0
48.0;131.0;89.5
48.0;131.0;89.5
48.0;135.0;91.5
48.0;131.0;89.5
48.0;128.0;88.0
48.0;130.0;89.0
48.0;131.0;89.5
48.0;122.0;85.0
48.0;130.0;89.0
48.0;125.0;86.5
48.0;135.0;91.5
48.0;126.0;87.0
48.0;122.0;85.0
48.0;129.0;88.5
48.0;130.0;89.0
48.0;135.0;91.5
48.0;125.0;86.5
48.0;137.0;92.5
48.0;131.0;89.5
48.0;122.0;85.0
48.0;128.0;88.0
48.0;126.0;87.0
48.0;119.0;83.5
48.0;126.0;87.0
48.0;139.0;93.5
42.0;131.0;86.5
42.0;130.0;86.0
42.0;126.0;84.0
42.0;136.0;89.0
42.0;133.0;87.5
42.0;136.0;89.0
42.0;122.0;82.0
42.0;135.0;88.5
42.0;128.0;85.0
42.0;132.0;87.0
42.0;124.0;83.0
42.0;122.0;82.0
42.0;125.0;83.5
42.0;129.0;85.5
42.0;132.0;87.0
42.0;127.0;84.5
42.0;133.0;87.5
42.0;127.0;84.5
42.0;141.0;91.5
42.0;119.0;80.5
42.0;141.0;91.5
42.0;137.0;89.5
42.0;131.0;86.5
42.0;138.0;90.0
42.0;138.0;90.0
42.0;132.0;87.0
42.0;133.0;87.5
42.0;137.0;89.5
42.0;131.0;86.5
42.0;128.0;85.0
42.0;128.0;85.0
42.0;135.0;88.5
42.0;135.0;88.5
42.0;142.0;92.0
42.0;132.0;87.0
42.0;126.0;84.0
42.0;130.0;86.0
42.0;120.0;81.0
42.0;130.0;86.0
42.0;126.0;84.0
42.0;126.0;84.0
42.0;126.0;84.0
42.0;131.0;86.5
42.0;120.0;81.0
42.0;135.0;88.5
42.0;131.0;86.5
42.0;130.0;86.0
42.0;122.0;82.0
42.0;131.0;86.5
42.0;132.0;87.0
42.0;137.0;89.5
42.0;123.0;82.5
42.0;124.0;83.0
42.0;138.0;90.0
42.0;128.0;85.0
42.0;128.0;85.0
42.0;124.0;83.0
42.0;120.0;81.0
42.0;137.0;89.5
42.0;123.0;82.5
42.0;127.0;84.5
42.0;140.0;91.0
42.0;130.0;86.0
42.0;127.0;84.5
42.0;122.0;82.0
42.0;128.0;85.0
42.0;127.0;84.5
42.0;127.0;84.5
42.0;132.0;87.0
42.0;134.0;88.0
42.0;130.0;86.0
42.0;133.0;87.5
42.0;117.0;79.5
42.0;129.0;85.5
42.0;136.0;89.0
42.0;132.0;87.0
42.0;139.0;90.5
42.0;128.0;85.0
42.0;127.0;84.5
42.0;130.0;86.0
42.0;125.0;83.5
42.0;125.0;83.5
42.0;126.0;84.0
42.0;132.0;87.0
42.0;131.0;86.5
42.0;130.0;86.0
42.0;132.0;87.0
42.0;131.0;86.5
42.0;127.0;84.5
42.0;128.0;85.0
42.0;136.0;89.0
42.0;136.0;89.0
42.0;133.0;87.5
42.0;138.0;90.0
42.0;131.0;86.5
42.0;132.0;87.0
42.0;113.0;77.5
42.0;131.0;86.5
42.0;131.0;86.5
42.0;130.0;86.0
42.0;127.0;84.5
42.0;125.0;83.5
42.0;135.0;88.5
42.0;129.0;85.5
42.0;129.0;85.5
42.0;130.0;86.0
42.0;127.0;84.5
42.0;132.0;87.0
42.0;132.0;87.0
42.0;130.0;86.0
42.0;129.0;85.5
42.0;128.0;85.0
42.0;137.0;89.5
42.0;115.0;78.5
42.0;128.0;85.0
42.0;126.0;84.0
42.0;137.0;89.5
42.0;130.0;86.0
42.0;126.0;84.0
42.0;135.0;88.5
42.0;127.0;84.5
42.0;135.0;88.5
42.0;129.0;85.5
42.0;126.0;84.0
42.0;127.0;84.5
42.0;122.0;82.0
42.0;137.0;89.5
42.0;132.0;87.0
42.0;127.0;84.5
42.0;132.0;87.0
42.0;144.0;93.0
42.0;126.0;84.0
42.0;136.0;89.0
42.0;138.0;90.0
42.0;131.0;86.5
42.0;129.0;85.5
42.0;125.0;83.5
42.0;128.0;85.0
42.0;133.0;87.5
42.0;133.0;87.5
42.0;130.0;86.0
42.0;131.0;86.5
42.0;132.0;87.0
42.0;132.0;87.0
42.0;127.0;84.5
42.0;137.0;89.5
42.0;119.0;80.5
42.0;133.0;87.5
42.0;124.0;83.0
42.0;131.0;86.5
42.0;131.0;86.5
42.0;131.0;86.5
42.0;133.0;87.5
42.0;128.0;85.0
42.0;137.0;89.5
42.0;122.0;82.0
42.0;129.0;85.5
42.0;131.0;86.5
42.0;133.0;87.5
42.0;123.0;82.5
42.0;129.0;85.5
42.0;136.0;89.0
42.0;142.0;92.0
42.0;130.0;86.0
42.0;125.0;83.5
42.0;128.0;85.0
42.0;131.0;86.5
42.0;127.0;84.5
42.0;134.0;88.0
42.0;136.0;89.0
42.0;127.0;84.5
42.0;132.0;87.0
42.0;126.0;84.0
42.0;126.0;84.0
42.0;133.0;87.5
42.0;136.0;89.0
42.0;128.0;85.0
42.0;129.0;85.5
42.0;130.0;86.0
42.0;126.0;84.0
42.0;126.0;84.0
42.0;123.0;82.5
42.0;109.0;75.5
42.0;119.0;80.5
42.0;134.0;88.0
42.0;133.0;87.5
42.0;133.0;87.5
42.0;132.0;87.0
42.0;126.0;84.0
42.0;122.0;82.0
42.0;125.0;83.5
42.0;133.0;87.5
42.0;133.0;87.5
42.0;140.0;91.0
42.0;128.0;85.0
42.0;125.0;83.5
38.0;137.0;87.5
38.0;121.0;79.5
38.0;131.0;84.5
38.0;128.0;83.0
38.0;138.0;88.0
38.0;126.0;82.0
38.0;137.0;87.5
38.0;126.0;82.0
38.0;132.0;85.0
38.0;131.0;84.5
38.0;132.0;85.0
38.0;136.0;87.0
38.0;128.0;83.0
38.0;127.0;82.5
38.0;133.0;85.5
38.0;121.0;79.5
38.0;130.0;84.0
38.0;128.0;83.0
38.0;125.0;81.5
38.0;131.0;84.5
38.0;127.0;82.5
38.0;129.0;83.5
38.0;124.0;81.0
38.0;132.0;85.0
38.0;127.0;82.5
38.0;131.0;84.5
38.0;128.0;83.0
38.0;135.0;86.5
38.0;126.0;82.0
38.0;128.0;83.0
38.0;131.0;84.5
38.0;124.0;81.0
38.0;127.0;82.5
38.0;138.0;88.0
38.0;132.0;85.0
38.0;131.0;84.5
38.0;142.0;90.0
38.0;130.0;84.0
38.0;128.0;83.0
38.0;132.0;85.0
38.0;132.0;85.0
38.0;131.0;84.5
