99.0;136.0;117.5
89.6;141.6;115.6
86.4;141.2;113.8
86.4;140.4;113.4
86.4;140.8;113.6
85.4;141.0;113.2
83.4;142.0;112.7
83.4;141.2;112.3
83.4;142.8;113.1
81.4;141.0;111.2
81.2;141.8;111.5
81.2;141.2;111.2
80.8;142.4;111.6
80.6;142.2;111.4
80.4;141.0;110.7
80.4;139.8;110.1
80.4;142.0;111.2
78.2;142.2;110.2
78.0;142.0;110.0
78.0;142.2;110.1
78.0;140.6;109.3
78.0;141.2;109.6
76.4;142.2;109.3
76.4;140.8;108.6
76.4;141.4;108.9
76.4;141.8;109.1
76.4;140.4;108.4
76.4;142.0;109.2
76.4;141.0;108.7
76.4;140.4;108.4
76.4;140.6;108.5
76.4;141.0;108.7
76.4;141.0;108.7
76.4;140.4;108.4
76.4;140.6;108.5
76.4;140.8;108.6
76.4;140.4;108.4
76.4;141.6;109.0
76.0;142.4;109.2
76.0;141.4;108.7
75.6;142.4;109.0
73.2;139.8;106.5
72.8;140.8;106.8
72.8;142.0;107.4
72.8;141.8;107.3
72.8;142.0;107.4
72.8;141.2;107.0
72.8;142.4;107.6
72.8;142.2;107.5
72.8;141.6;107.2
72.8;142.6;107.7
72.8;142.0;107.4
71.8;140.6;106.2
71.8;141.0;106.4
71.8;140.8;106.3
71.8;141.8;106.8
71.8;140.2;106.0
71.8;140.8;106.3
71.8;141.2;106.5
71.8;142.0;106.9
71.8;141.8;106.8
71.8;141.2;106.5
71.8;140.2;106.0
71.8;140.2;106.0
71.8;140.2;106.0
71.8;140.8;106.3
71.8;141.0;106.4
71.8;142.0;106.9
71.8;140.2;106.0
71.8;142.0;106.9
71.0;141.0;106.0
71.0;141.8;106.4
71.0;141.8;106.4
71.0;140.8;105.9
71.0;142.4;106.7
71.0;141.6;106.3
71.0;141.6;106.3
71.0;142.2;106.6
71.0;141.4;106.2
71.0;140.8;105.9
70.0;142.0;106.0
70.0;140.8;105.4
70.0;140.8;105.4
70.0;141.8;105.9
70.0;142.4;106.2
70.0;140.2;105.1
70.0;141.6;105.8
70.0;141.4;105.7
70.0;141.6;105.8
70.0;141.2;105.6
70.0;141.8;105.9
70.0;142.0;106.0
68.8;140.8;104.8
68.8;141.4;105.1
68.8;142.2;105.5
68.2;141.2;104.7
68.2;141.6;104.9
68.2;140.0;104.1
68.2;141.8;105.0
68.2;142.4;105.3
68.2;142.0;105.1
68.2;141.8;105.0
68.2;142.2;105.2
68.2;140.8;104.5
68.2;142.0;105.1
68.2;142.2;105.2
68.2;142.2;105.2
68.2;141.4;104.8
68.2;140.8;104.5
68.2;141.6;104.9
68.2;141.6;104.9
68.2;140.8;104.5
68.2;141.4;104.8
68.2;141.8;105.0
68.2;142.2;105.2
68.2;141.8;105.0
68.2;141.0;104.6
68.2;142.2;105.2
68.2;141.2;104.7
68.2;141.2;104.7
68.2;141.4;104.8
68.2;141.4;104.8
65.8;142.0;103.9
65.8;140.8;103.3
65.8;142.0;103.9
65.8;141.2;103.5
65.8;141.6;103.7
65.8;141.2;103.5
65.8;140.2;103.0
65.8;141.0;103.4
65.8;140.8;103.3
65.8;141.0;103.4
65.8;140.8;103.3
65.8;141.0;103.4
65.8;141.4;103.6
65.8;140.2;103.0
65.8;141.4;103.6
65.8;141.6;103.7
65.8;141.4;103.6
65.8;141.0;103.4
65.8;141.2;103.5
65.8;140.8;103.3
65.8;139.8;102.8
65.8;140.0;102.9
65.8;142.0;103.9
65.8;141.4;103.6
65.8;141.2;103.5
65.8;141.2;103.5
65.8;142.0;103.9
65.8;142.2;104.0
65.8;141.8;103.8
65.8;141.2;103.5
65.8;141.8;103.8
65.8;141.2;103.5
65.8;141.0;103.4
65.8;140.8;103.3
65.8;141.8;103.8
65.8;141.4;103.6
65.8;141.8;103.8
65.8;141.2;103.5
65.8;141.6;103.7
65.8;140.8;103.3
65.8;141.6;103.7
65.6;140.8;103.2
65.6;141.6;103.6
65.6;141.8;103.7
65.6;141.6;103.6
65.6;141.4;103.5
65.6;141.0;103.3
65.6;139.8;102.7
65.6;140.8;103.2
65.6;141.0;103.3
65.6;141.6;103.6
65.6;141.8;103.7
65.6;142.0;103.8
65.6;141.6;103.6
65.6;140.6;103.1
65.6;142.4;104.0
65.6;141.0;103.3
65.6;140.8;103.2
65.6;142.0;103.8
65.6;140.4;103.0
65.4;141.6;103.5
65.4;141.8;103.6
65.4;140.6;103.0
65.4;140.8;103.1
65.4;140.2;102.8
65.4;142.4;103.9
65.4;141.0;103.2
65.4;141.2;103.3
65.4;141.8;103.6
65.4;142.4;103.9
65.4;140.6;103.0
65.4;142.6;104.0
65.4;141.4;103.4
65.4;140.2;102.8
65.4;140.4;102.9
65.4;139.6;102.5
65.4;141.6;103.5
65.4;140.0;102.7
65.4;141.0;103.2
65.4;141.2;103.3
65.4;141.0;103.2
65.4;142.4;103.9
65.4;141.0;103.2
65.4;141.4;103.4
65.4;141.6;103.5
65.4;142.8;104.1
65.4;140.8;103.1
65.4;140.8;103.1
65.4;141.0;103.2
65.4;142.0;103.7
65.4;141.0;103.2
65.4;141.0;103.2
65.4;141.4;103.4
64.0;140.4;102.2
64.0;142.0;103.0
64.0;142.8;103.4
64.0;140.6;102.3
64.0;141.4;102.7
64.0;142.2;103.1
64.0;142.0;103.0
64.0;140.6;102.3
64.0;141.4;102.7
64.0;141.6;102.8
64.0;141.2;102.6
64.0;140.6;102.3
64.0;141.6;102.8
64.0;142.2;103.1
64.0;141.2;102.6
64.0;140.0;102.0
64.0;140.8;102.4
64.0;140.8;102.4
64.0;142.4;103.2
64.0;141.4;102.7
64.0;142.4;103.2
64.0;141.6;102.8
64.0;141.8;102.9
64.0;141.4;102.7
64.0;141.8;102.9
64.0;141.6;102.8
63.2;141.6;102.4
63.2;141.4;102.3
63.2;141.2;102.2
63.2;142.4;102.8
63.2;140.6;101.9
63.2;141.0;102.1
63.2;141.4;102.3
63.2;141.4;102.3
63.2;141.8;102.5
63.2;140.6;101.9
63.2;141.6;102.4
63.2;142.0;102.6
63.2;141.8;102.5
63.2;140.4;101.8
63.2;141.4;102.3
63.2;141.6;102.4
63.2;141.6;102.4
63.2;141.0;102.1
63.2;141.8;102.5
63.2;142.2;102.7
63.2;140.4;101.8
63.2;141.2;102.2
63.2;140.8;102.0
63.2;140.8;102.0
63.2;142.2;102.7
63.2;141.2;102.2
63.2;141.0;102.1
63.2;140.8;102.0
63.2;139.8;101.5
63.2;141.0;102.1
63.2;142.6;102.9
63.2;142.4;102.8
63.2;140.8;102.0
63.2;140.6;101.9
63.2;141.6;102.4
63.2;141.8;102.5
63.2;141.0;102.1
63.2;141.6;102.4
63.2;142.0;102.6
63.2;141.8;102.5
63.2;141.6;102.4
63.2;141.8;102.5
63.2;141.2;102.2
63.2;140.8;102.0
63.2;141.4;102.3
63.2;141.6;102.4
63.2;141.2;102.2
63.2;141.4;102.3
63.2;142.0;102.6
63.2;142.2;102.7
63.2;141.2;102.2
63.2;141.8;102.5
63.2;141.8;102.5
63.2;142.2;102.7
63.2;141.4;102.3
63.2;142.0;102.6
63.2;139.8;101.5
63.2;140.8;102.0
63.2;142.0;102.6
63.2;140.8;102.0
63.2;141.0;102.1
63.2;142.2;102.7
63.2;140.8;102.0
63.2;142.0;102.6
63.2;141.4;102.3
63.2;142.4;102.8
63.2;141.2;102.2
63.2;141.2;102.2
63.2;141.0;102.1
63.2;141.6;102.4
63.2;141.4;102.3
63.2;142.4;102.8
63.2;142.0;102.6
63.2;142.4;102.8
63.2;141.2;102.2
63.2;141.8;102.5
63.2;143.0;103.1
63.2;139.8;101.5
63.2;141.6;102.4
63.2;141.8;102.5
63.2;142.0;102.6
63.2;141.6;102.4
63.2;141.2;102.2
63.2;140.6;101.9
63.2;142.6;102.9
63.2;140.6;101.9
63.2;140.8;102.0
63.2;141.8;102.5
63.2;140.4;101.8
63.2;142.2;102.7
63.2;141.6;102.4
63.2;140.8;102.0
63.2;141.6;102.4
63.2;141.6;102.4
63.2;141.8;102.5
63.2;141.2;102.2
63.2;141.4;102.3
63.2;140.8;102.0
63.2;140.2;101.7
63.2;142.0;102.6
63.2;142.0;102.6
63.2;141.4;102.3
63.2;141.6;102.4
63.2;141.0;102.1
63.2;141.0;102.1
63.2;142.4;102.8
63.2;142.0;102.6
63.2;140.4;101.8
63.2;142.2;102.7
63.2;141.0;102.1
63.2;142.0;102.6
63.2;141.6;102.4
63.2;139.8;101.5
63.2;141.0;102.1
63.2;141.8;102.5
63.2;140.8;102.0
62.6;141.8;102.2
62.6;140.6;101.6
62.6;141.4;102.0
62.6;140.8;101.7
62.6;141.0;101.8
62.6;141.0;101.8
62.6;140.8;101.7
62.6;141.4;102.0
62.6;140.8;101.7
62.6;140.4;101.5
62.6;141.2;101.9
62.6;141.2;101.9
62.6;141.6;102.1
62.6;142.6;102.6
62.6;139.6;101.1
62.4;141.4;101.9
62.4;141.0;101.7
62.4;141.2;101.8
62.4;139.8;101.1
62.4;140.4;101.4
62.4;142.2;102.3
62.4;140.0;101.2
62.4;141.4;101.9
62.4;140.4;101.4
62.4;139.8;101.1
62.4;141.2;101.8
62.4;142.0;102.2
62.4;140.8;101.6
62.4;141.4;101.9
62.4;141.0;101.7
62.4;140.2;101.3
62.4;141.8;102.1
62.4;141.2;101.8
62.4;140.8;101.6
62.4;141.6;102.0
62.4;141.8;102.1
62.4;142.4;102.4
62.4;142.0;102.2
62.4;141.6;102.0
62.4;141.2;101.8
62.4;140.6;101.5
62.4;141.4;101.9
62.4;142.4;102.4
62.4;141.4;101.9
62.4;142.0;102.2
62.4;140.0;101.2
62.4;141.2;101.8
62.4;141.6;102.0
62.4;140.2;101.3
62.4;140.8;101.6
62.4;140.8;101.6
62.4;141.4;101.9
62.4;140.8;101.6
62.4;141.8;102.1
62.4;141.0;101.7
62.4;141.4;101.9
62.4;140.8;101.6
62.4;140.8;101.6
62.4;141.4;101.9
62.4;142.6;102.5
62.4;142.4;102.4
62.4;140.2;101.3
62.4;140.6;101.5
62.4;141.4;101.9
62.4;142.0;102.2
62.4;141.0;101.7
62.4;141.4;101.9
62.4;141.8;102.1
62.4;141.0;101.7
62.4;142.0;102.2
62.4;141.0;101.7
62.4;140.6;101.5
62.4;141.0;101.7
62.4;139.8;101.1
62.4;142.2;102.3
62.4;140.6;101.5
62.4;142.0;102.2
62.4;139.4;100.9
62.4;141.0;101.7
62.4;142.2;102.3
62.4;139.8;101.1
62.4;141.4;101.9
62.4;141.8;102.1
62.4;142.2;102.3
62.4;142.4;102.4
62.4;141.4;101.9
62.4;141.4;101.9
62.4;140.4;101.4
62.4;141.8;102.1
62.4;141.6;102.0
62.4;141.6;102.0
62.4;141.6;102.0
62.4;141.4;101.9
62.4;141.2;101.8
62.4;141.0;101.7
62.4;142.2;102.3
62.4;142.4;102.4
62.4;141.0;101.7
62.4;142.2;102.3
62.4;142.0;102.2
62.4;142.2;102.3
62.4;141.6;102.0
62.4;140.4;101.4
62.4;139.6;101.0
62.4;141.6;102.0
62.4;140.4;101.4
62.4;140.6;101.5
62.4;142.0;102.2
62.4;142.6;102.5
62.4;140.4;101.4
62.4;141.6;102.0
62.4;141.0;101.7
62.4;142.4;102.4
62.4;142.2;102.3
62.4;141.4;101.9
62.4;141.6;102.0
62.4;141.6;102.0
62.4;142.2;102.3
62.4;141.4;101.9
62.4;140.8;101.6
62.4;140.8;101.6
62.4;140.4;101.4
62.4;141.4;101.9
62.4;142.2;102.3
62.4;142.0;102.2
62.4;142.2;102.3
62.4;141.8;102.1
62.4;142.6;102.5
62.4;141.2;101.8
62.4;141.4;101.9
62.4;142.2;102.3
62.4;140.4;101.4
62.4;142.0;102.2
62.4;140.6;101.5
62.4;141.2;101.8
62.4;142.2;102.3
62.4;142.4;102.4
62.4;141.0;101.7
62.4;141.2;101.8
62.4;141.6;102.0
62.4;141.4;101.9
62.4;141.4;101.9
62.4;141.4;101.9
62.4;140.4;101.4
62.4;142.0;102.2
62.4;140.6;101.5
62.4;141.8;102.1
62.4;141.2;101.8
62.4;141.4;101.9
62.4;141.0;101.7
62.4;140.0;101.2
62.4;142.4;102.4
62.4;142.0;102.2
62.4;140.4;101.4
62.4;141.8;102.1
62.4;140.6;101.5
62.4;143.2;102.8
62.4;141.2;101.8
62.4;141.2;101.8
62.4;142.4;102.4
62.4;140.6;101.5
62.4;141.4;101.9
62.4;143.0;102.7
62.4;142.6;102.5
62.4;142.0;102.2
62.4;140.6;101.5
62.4;139.6;101.0
62.4;142.0;102.2
62.4;141.4;101.9
62.4;141.6;102.0
62.4;141.6;102.0
62.4;141.8;102.1
62.4;141.6;102.0
62.4;141.2;101.8
62.4;141.6;102.0
62.4;141.0;101.7
62.4;141.6;102.0
62.4;141.6;102.0
62.4;141.4;101.9
62.4;141.8;102.1
62.4;141.6;102.0
62.4;141.0;101.7
62.4;141.8;102.1
62.4;141.2;101.8
62.4;141.0;101.7
62.4;140.4;101.4
62.4;140.6;101.5
62.4;142.0;102.2
62.4;141.2;101.8
62.4;141.0;101.7
62.4;140.8;101.6
62.4;140.6;101.5
62.4;142.0;102.2
62.4;140.6;101.5
62.4;142.0;102.2
62.4;142.6;102.5
62.4;140.8;101.6
62.4;141.0;101.7
62.4;140.6;101.5
62.4;141.6;102.0
62.4;140.8;101.6
62.4;140.8;101.6
62.4;141.6;102.0
62.4;140.4;101.4
62.4;142.0;102.2
62.4;140.8;101.6
62.4;142.2;102.3
62.4;140.6;101.5
62.4;141.6;102.0
62.4;139.8;101.1
62.4;140.4;101.4
62.4;141.0;101.7
62.4;140.8;101.6
62.4;142.2;102.3
62.4;140.2;101.3
62.4;141.4;101.9
62.4;139.4;100.9
62.4;141.2;101.8
62.4;141.6;102.0
62.4;141.0;101.7
62.4;142.4;102.4
62.4;142.4;102.4
62.4;141.6;102.0
62.4;140.4;101.4
62.4;141.8;102.1
62.4;141.6;102.0
62.4;142.4;102.4
62.4;140.6;101.5
62.4;140.8;101.6
62.4;140.0;101.2
62.4;141.4;101.9
62.4;141.4;101.9
62.4;141.6;102.0
62.4;141.8;102.1
62.4;142.0;102.2
62.4;141.4;101.9
62.4;141.8;102.1
62.4;140.6;101.5
62.4;141.4;101.9
62.4;142.2;102.3
62.4;140.8;101.6
62.4;141.8;102.1
62.4;142.4;102.4
62.4;141.6;102.0
62.4;141.4;101.9
62.4;142.2;102.3
62.4;141.0;101.7
62.4;141.6;102.0
62.4;140.8;101.6
62.4;141.6;102.0
62.4;142.0;102.2
62.4;140.6;101.5
62.4;141.6;102.0
62.4;142.6;102.5
62.4;142.2;102.3
62.4;142.0;102.2
62.4;139.8;101.1
62.4;141.6;102.0
62.4;141.6;102.0
62.4;142.8;102.6
62.4;140.6;101.5
62.4;141.6;102.0
62.4;141.2;101.8
62.4;141.0;101.7
62.4;141.2;101.8
62.4;138.8;100.6
62.4;142.0;102.2
62.4;141.8;102.1
62.4;141.4;101.9
62.4;140.4;101.4
62.4;141.8;102.1
62.4;140.8;101.6
62.4;141.0;101.7
62.4;142.4;102.4
62.4;142.4;102.4
62.4;141.8;102.1
62.4;141.4;101.9
62.4;141.0;101.7
62.4;140.8;101.6
62.4;141.8;102.1
62.4;141.4;101.9
62.4;140.2;101.3
62.4;141.4;101.9
62.4;140.4;101.4
62.4;141.6;102.0
62.4;141.8;102.1
62.4;141.6;102.0
62.4;141.6;102.0
62.4;141.0;101.7
62.4;142.0;102.2
62.4;142.8;102.6
62.4;141.6;102.0
62.4;141.8;102.1
62.4;141.2;101.8
62.4;140.8;101.6
62.4;141.6;102.0
62.4;141.8;102.1
62.4;141.8;102.1
62.4;141.0;101.7
62.4;142.4;102.4
62.4;141.6;102.0
62.4;139.8;101.1
62.4;141.6;102.0
62.4;142.0;102.2
62.4;141.2;101.8
62.4;141.4;101.9
62.4;141.8;102.1
62.4;140.2;101.3
62.4;141.8;102.1
62.4;140.8;101.6
62.4;141.8;102.1
62.4;140.8;101.6
62.4;141.8;102.1
62.4;143.4;102.9
62.4;142.2;102.3
62.4;141.6;102.0
62.4;141.4;101.9
62.4;140.6;101.5
62.4;141.8;102.1
62.4;140.8;101.6
62.4;142.0;102.2
62.4;140.8;101.6
62.4;141.2;101.8
62.4;141.6;102.0
62.4;140.4;101.4
62.4;140.4;101.4
62.4;140.4;101.4
62.4;141.8;102.1
62.4;142.2;102.3
62.4;141.4;101.9
62.4;142.0;102.2
62.4;141.4;101.9
62.4;140.4;101.4
62.0;141.2;101.6
62.0;141.0;101.5
62.0;141.4;101.7
62.0;142.0;102.0
62.0;141.0;101.5
62.0;139.6;100.8
62.0;141.8;101.9
62.0;140.4;101.2
62.0;141.6;101.8
62.0;141.4;101.7
62.0;141.6;101.8
62.0;141.6;101.8
62.0;142.0;102.0
62.0;141.6;101.8
62.0;142.4;102.2
62.0;140.4;101.2
62.0;141.6;101.8
62.0;141.2;101.6
62.0;142.8;102.4
62.0;141.6;101.8
62.0;141.2;101.6
62.0;141.2;101.6
62.0;140.8;101.4
62.0;141.4;101.7
62.0;140.8;101.4
62.0;140.0;101.0
62.0;142.6;102.3
62.0;138.8;100.4
62.0;141.8;101.9
62.0;140.0;101.0
62.0;141.2;101.6
62.0;140.2;101.1
62.0;141.8;101.9
62.0;141.2;101.6
62.0;141.8;101.9
62.0;141.2;101.6
62.0;140.4;101.2
62.0;140.6;101.3
62.0;142.2;102.1
62.0;142.4;102.2
62.0;141.6;101.8
62.0;140.8;101.4
62.0;141.2;101.6
62.0;141.6;101.8
62.0;142.6;102.3
62.0;141.2;101.6
62.0;141.2;101.6
61.2;141.8;101.5
61.2;142.0;101.6
61.2;141.2;101.2
61.2;140.4;100.8
61.2;140.8;101.0
61.2;140.6;100.9
61.2;143.0;102.1
61.2;142.0;101.6
61.2;141.2;101.2
61.2;141.8;101.5
61.2;140.4;100.8
61.2;141.4;101.3
61.2;142.0;101.6
61.2;141.0;101.1
61.2;142.2;101.7
61.2;141.2;101.2
61.2;142.0;101.6
61.2;140.0;100.6
61.2;141.0;101.1
61.2;142.0;101.6
61.2;142.4;101.8
61.2;142.0;101.6
61.2;141.8;101.5
61.2;141.2;101.2
61.2;141.6;101.4
61.2;140.2;100.7
61.2;141.2;101.2
61.2;142.2;101.7
61.2;139.2;100.2
61.2;140.0;100.6
61.2;142.4;101.8
61.2;141.8;101.5
61.2;140.2;100.7
61.2;142.0;101.6
61.2;141.4;101.3
61.2;141.4;101.3
61.2;140.8;101.0
61.2;141.0;101.1
61.2;140.6;100.9
61.2;141.0;101.1
61.2;140.4;100.8
61.2;141.2;101.2
61.2;142.4;101.8
61.2;141.4;101.3
61.2;140.8;101.0
61.2;141.6;101.4
61.2;140.8;101.0
61.2;140.6;100.9
61.2;140.8;101.0
61.2;142.0;101.6
61.2;141.0;101.1
61.2;141.6;101.4
61.2;141.4;101.3
61.2;142.2;101.7
61.2;141.2;101.2
61.2;141.8;101.5
61.2;142.0;101.6
61.2;139.8;100.5
61.2;140.6;100.9
61.2;142.0;101.6
61.2;140.2;100.7
61.2;140.4;100.8
61.2;142.4;101.8
61.2;141.0;101.1
61.2;142.2;101.7
61.2;140.8;101.0
61.2;140.0;100.6
61.2;141.2;101.2
61.2;141.6;101.4
61.2;140.6;100.9
61.2;141.4;101.3
61.2;141.6;101.4
61.2;141.4;101.3
61.2;140.8;101.0
61.2;142.0;101.6
61.2;142.2;101.7
61.2;142.0;101.6
61.2;141.2;101.2
61.2;141.0;101.1
61.2;141.8;101.5
61.2;141.6;101.4
61.2;140.6;100.9
61.2;140.6;100.9
61.2;142.0;101.6
61.2;142.4;101.8
61.2;141.0;101.1
61.2;140.8;101.0
61.2;140.8;101.0
61.2;141.6;101.4
61.2;141.2;101.2
61.2;141.0;101.1
61.2;141.8;101.5
61.2;141.2;101.2
61.2;142.0;101.6
61.2;140.4;100.8
61.2;142.2;101.7
61.2;139.2;100.2
61.2;141.2;101.2
61.2;141.4;101.3
61.2;142.0;101.6
61.2;142.0;101.6
61.2;139.4;100.3
61.2;140.2;100.7
61.2;140.4;100.8
61.2;141.0;101.1
61.2;141.0;101.1
61.2;141.6;101.4
59.8;141.6;100.7
59.8;142.6;101.2
59.8;141.2;100.5
59.8;140.6;100.2
59.8;140.0;99.9
59.8;142.2;101.0
59.8;140.6;100.2
59.8;141.8;100.8
59.8;141.0;100.4
59.8;142.0;100.9
59.8;141.8;100.8
59.8;141.8;100.8
59.8;142.2;101.0
59.8;141.8;100.8
59.8;142.6;101.2
59.8;141.8;100.8
59.8;141.4;100.6
59.8;141.8;100.8
59.8;141.8;100.8
59.8;141.0;100.4
59.8;140.8;100.3
59.8;141.6;100.7
59.8;141.0;100.4
59.8;141.4;100.6
59.8;141.0;100.4
59.8;141.0;100.4
59.8;141.6;100.7
59.8;141.0;100.4
59.8;141.6;100.7
59.8;142.0;100.9
59.8;140.6;100.2
59.8;140.2;100.0
59.8;142.0;100.9
59.8;142.6;101.2
59.8;142.0;100.9
59.8;141.6;100.7
59.8;141.6;100.7
59.8;141.0;100.4
59.8;142.0;100.9
59.8;140.4;100.1
59.8;141.2;100.5
59.8;141.8;100.8
59.8;141.4;100.6
59.8;142.6;101.2
59.8;141.2;100.5
59.8;141.4;100.6
59.8;141.0;100.4
59.8;140.2;100.0
59.8;141.6;100.7
59.8;142.2;101.0
59.8;142.0;100.9
59.8;142.4;101.1
59.8;141.0;100.4
59.8;141.0;100.4
59.8;141.8;100.8
59.8;141.2;100.5
59.8;141.2;100.5
59.8;142.4;101.1
59.8;141.0;100.4
59.8;140.0;99.9
59.8;142.2;101.0
59.8;141.4;100.6
59.8;140.4;100.1
59.8;141.0;100.4
59.8;140.8;100.3
59.8;141.8;100.8
59.8;139.4;99.6
59.8;141.6;100.7
59.8;141.0;100.4
59.8;140.0;99.9
59.8;139.8;99.8
59.8;140.6;100.2
59.8;140.6;100.2
59.8;142.4;101.1
59.8;141.4;100.6
59.8;141.2;100.5
59.8;141.4;100.6
59.8;141.6;100.7
59.8;142.0;100.9
59.8;142.2;101.0
59.8;141.0;100.4
59.8;142.2;101.0
59.8;140.0;99.9
59.8;141.2;100.5
59.8;141.6;100.7
59.8;142.0;100.9
59.8;141.0;100.4
59.8;140.8;100.3
59.8;141.6;100.7
59.8;141.4;100.6
59.8;141.4;100.6
59.8;141.6;100.7
59.8;140.8;100.3
59.8;141.2;100.5
59.8;141.8;100.8
59.8;140.6;100.2
59.8;142.0;100.9
59.8;141.4;100.6
59.8;141.0;100.4
59.8;142.2;101.0
59.8;140.6;100.2
59.8;140.2;100.0
59.8;141.2;100.5
59.8;140.6;100.2
59.8;142.0;100.9
59.8;140.8;100.3
59.8;141.4;100.6
59.8;141.2;100.5
59.8;141.6;100.7
59.8;140.6;100.2
59.8;141.0;100.4
59.8;142.2;101.0
59.8;141.8;100.8
59.8;142.0;100.9
59.8;141.6;100.7
59.8;141.6;100.7
59.8;140.4;100.1
59.8;141.2;100.5
59.8;140.6;100.2
59.8;141.2;100.5
59.8;141.8;100.8
59.8;141.0;100.4
59.8;140.0;99.9
59.8;142.2;101.0
59.8;140.6;100.2
59.8;140.4;100.1
59.8;141.8;100.8
59.8;140.2;100.0
59.8;142.6;101.2
59.8;141.4;100.6
59.8;142.0;100.9
59.8;141.0;100.4
59.8;141.8;100.8
59.8;142.6;101.2
59.8;141.6;100.7
59.8;140.8;100.3
59.8;141.4;100.6
59.8;141.8;100.8
59.8;141.8;100.8
59.8;141.0;100.4
59.8;141.6;100.7
59.8;142.8;101.3
59.8;140.0;99.9
59.8;140.8;100.3
59.8;142.4;101.1
59.8;140.8;100.3
59.8;141.8;100.8
59.8;141.0;100.4
59.8;142.4;101.1
59.8;143.0;101.4
59.8;140.6;100.2
59.8;141.0;100.4
59.8;140.4;100.1
59.8;141.2;100.5
59.8;141.6;100.7
59.8;141.4;100.6
