99.0;136.0;117.5
96.0;137.0;116.5
90.0;137.0;113.5
90.0;136.0;113.0
86.0;136.0;111.0
86.0;142.0;114.0
85.0;141.0;113.0
82.0;138.0;110.0
82.0;141.0;111.5
82.0;138.0;110.0
82.0;141.0;111.5
76.0;138.0;107.0
70.0;137.0;103.5
70.0;140.0;105.0
70.0;138.0;104.0
70.0;141.0;105.5
70.0;139.0;104.5
70.0;137.0;103.5
70.0;136.0;103.0
70.0;141.0;105.5
70.0;142.0;106.0
70.0;140.0;105.0
70.0;142.0;106.0
70.0;137.0;103.5
70.0;136.0;103.0
70.0;138.0;104.0
70.0;137.0;103.5
70.0;133.0;101.5
70.0;142.0;106.0
70.0;142.0;106.0
70.0;142.0;106.0
70.0;143.0;106.5
70.0;137.0;103.5
70.0;136.0;103.0
70.0;138.0;104.0
70.0;139.0;104.5
70.0;138.0;104.0
70.0;137.0;103.5
70.0;136.0;103.0
70.0;138.0;104.0
70.0;136.0;103.0
70.0;138.0;104.0
70.0;140.0;105.0
70.0;137.0;103.5
70.0;141.0;105.5
70.0;142.0;106.0
70.0;138.0;104.0
70.0;140.0;105.0
70.0;139.0;104.5
70.0;140.0;105.0
70.0;138.0;104.0
70.0;143.0;106.5
70.0;141.0;105.5
70.0;138.0;104.0
70.0;141.0;105.5
70.0;142.0;106.0
70.0;137.0;103.5
70.0;143.0;106.5
70.0;142.0;106.0
70.0;137.0;103.5
70.0;138.0;104.0
70.0;138.0;104.0
70.0;142.0;106.0
70.0;142.0;106.0
70.0;138.0;104.0
64.0;134.0;99.0
64.0;138.0;101.0
64.0;141.0;102.5
64.0;141.0;102.5
64.0;135.0;99.5
64.0;141.0;102.5
64.0;140.0;102.0
64.0;135.0;99.5
64.0;137.0;100.5
64.0;140.0;102.0
64.0;138.0;101.0
64.0;136.0;100.0
64.0;138.0;101.0
64.0;136.0;100.0
64.0;138.0;101.0
64.0;140.0;102.0
64.0;135.0;99.5
64.0;140.0;102.0
64.0;137.0;100.5
64.0;141.0;102.5
64.0;140.0;102.0
64.0;137.0;100.5
64.0;137.0;100.5
64.0;140.0;102.0
64.0;141.0;102.5
64.0;138.0;101.0
64.0;137.0;100.5
64.0;139.0;101.5
64.0;137.0;100.5
64.0;142.0;103.0
64.0;143.0;103.5
64.0;140.0;102.0
64.0;140.0;102.0
64.0;137.0;100.5
64.0;137.0;100.5
64.0;133.0;98.5
64.0;142.0;103.0
64.0;143.0;103.5
64.0;140.0;102.0
64.0;137.0;100.5
64.0;136.0;100.0
64.0;138.0;101.0
64.0;137.0;100.5
64.0;141.0;102.5
64.0;137.0;100.5
64.0;140.0;102.0
64.0;140.0;102.0
64.0;137.0;100.5
64.0;139.0;101.5
64.0;138.0;101.0
64.0;140.0;102.0
64.0;139.0;101.5
64.0;143.0;103.5
64.0;137.0;100.5
64.0;141.0;102.5
64.0;137.0;100.5
64.0;137.0;100.5
64.0;141.0;102.5
64.0;141.0;102.5
64.0;143.0;103.5
64.0;136.0;100.0
64.0;132.0;98.0
64.0;138.0;101.0
64.0;135.0;99.5
64.0;142.0;103.0
64.0;141.0;102.5
64.0;141.0;102.5
64.0;141.0;102.5
64.0;138.0;101.0
64.0;141.0;102.5
64.0;140.0;102.0
64.0;140.0;102.0
64.0;138.0;101.0
64.0;140.0;102.0
64.0;139.0;101.5
64.0;137.0;100.5
64.0;137.0;100.5
64.0;142.0;103.0
64.0;141.0;102.5
64.0;137.0;100.5
64.0;144.0;104.0
64.0;141.0;102.5
64.0;135.0;99.5
64.0;138.0;101.0
64.0;141.0;102.5
64.0;136.0;100.0
64.0;137.0;100.5
64.0;138.0;101.0
64.0;139.0;101.5
64.0;140.0;102.0
64.0;140.0;102.0
64.0;136.0;100.0
64.0;137.0;100.5
64.0;141.0;102.5
64.0;140.0;102.0
64.0;140.0;102.0
64.0;143.0;103.5
64.0;136.0;100.0
64.0;137.0;100.5
64.0;141.0;102.5
64.0;139.0;101.5
64.0;138.0;101.0
64.0;138.0;101.0
64.0;140.0;102.0
64.0;142.0;103.0
64.0;137.0;100.5
64.0;141.0;102.5
64.0;139.0;101.5
64.0;137.0;100.5
64.0;138.0;101.0
62.0;142.0;102.0
62.0;139.0;100.5
62.0;134.0;98.0
62.0;139.0;100.5
62.0;139.0;100.5
62.0;137.0;99.5
62.0;135.0;98.5
62.0;143.0;102.5
62.0;138.0;100.0
62.0;143.0;102.5
62.0;139.0;100.5
62.0;141.0;101.5
62.0;136.0;99.0
62.0;142.0;102.0
57.0;137.0;97.0
57.0;138.0;97.5
57.0;142.0;99.5
57.0;140.0;98.5
57.0;135.0;96.0
57.0;142.0;99.5
57.0;135.0;96.0
57.0;139.0;98.0
57.0;141.0;99.0
57.0;137.0;97.0
57.0;136.0;96.5
57.0;136.0;96.5
57.0;140.0;98.5
57.0;143.0;100.0
57.0;138.0;97.5
57.0;140.0;98.5
57.0;140.0;98.5
57.0;141.0;99.0
57.0;142.0;99.5
57.0;143.0;100.0
57.0;135.0;96.0
57.0;140.0;98.5
57.0;139.0;98.0
57.0;142.0;99.5
57.0;137.0;97.0
57.0;139.0;98.0
57.0;138.0;97.5
57.0;143.0;100.0
57.0;142.0;99.5
57.0;135.0;96.0
57.0;138.0;97.5
57.0;136.0;96.5
57.0;137.0;97.0
57.0;141.0;99.0
57.0;140.0;98.5
57.0;142.0;99.5
57.0;136.0;96.5
57.0;142.0;99.5
57.0;138.0;97.5
57.0;137.0;97.0
57.0;136.0;96.5
57.0;140.0;98.5
57.0;142.0;99.5
57.0;138.0;97.5
57.0;137.0;97.0
57.0;141.0;99.0
57.0;135.0;96.0
57.0;140.0;98.5
57.0;137.0;97.0
57.0;138.0;97.5
57.0;144.0;100.5
57.0;138.0;97.5
57.0;138.0;97.5
57.0;137.0;97.0
57.0;138.0;97.5
57.0;132.0;94.5
57.0;141.0;99.0
57.0;136.0;96.5
57.0;138.0;97.5
57.0;136.0;96.5
57.0;142.0;99.5
57.0;139.0;98.0
57.0;141.0;99.0
57.0;137.0;97.0
57.0;140.0;98.5
57.0;134.0;95.5
57.0;136.0;96.5
57.0;137.0;97.0
57.0;138.0;97.5
57.0;136.0;96.5
57.0;138.0;97.5
57.0;141.0;99.0
57.0;141.0;99.0
57.0;141.0;99.0
57.0;139.0;98.0
57.0;136.0;96.5
57.0;140.0;98.5
57.0;142.0;99.5
57.0;143.0;100.0
57.0;136.0;96.5
57.0;137.0;97.0
57.0;138.0;97.5
57.0;137.0;97.0
57.0;138.0;97.5
57.0;138.0;97.5
57.0;140.0;98.5
57.0;140.0;98.5
57.0;142.0;99.5
57.0;142.0;99.5
57.0;136.0;96.5
57.0;138.0;97.5
57.0;137.0;97.0
57.0;136.0;96.5
57.0;137.0;97.0
57.0;138.0;97.5
57.0;140.0;98.5
57.0;141.0;99.0
57.0;141.0;99.0
57.0;142.0;99.5
57.0;143.0;100.0
57.0;138.0;97.5
57.0;138.0;97.5
57.0;135.0;96.0
57.0;140.0;98.5
57.0;139.0;98.0
57.0;138.0;97.5
57.0;137.0;97.0
57.0;133.0;95.0
57.0;141.0;99.0
57.0;142.0;99.5
57.0;137.0;97.0
57.0;140.0;98.5
57.0;141.0;99.0
57.0;134.0;95.5
57.0;142.0;99.5
57.0;137.0;97.0
57.0;140.0;98.5
57.0;142.0;99.5
57.0;137.0;97.0
57.0;137.0;97.0
57.0;138.0;97.5
57.0;140.0;98.5
57.0;139.0;98.0
57.0;135.0;96.0
57.0;142.0;99.5
57.0;137.0;97.0
57.0;138.0;97.5
57.0;142.0;99.5
57.0;138.0;97.5
57.0;137.0;97.0
57.0;138.0;97.5
57.0;137.0;97.0
57.0;137.0;97.0
57.0;138.0;97.5
57.0;141.0;99.0
57.0;135.0;96.0
57.0;137.0;97.0
57.0;143.0;100.0
57.0;141.0;99.0
57.0;136.0;96.5
57.0;141.0;99.0
57.0;143.0;100.0
57.0;141.0;99.0
57.0;136.0;96.5
57.0;138.0;97.5
57.0;137.0;97.0
57.0;137.0;97.0
57.0;143.0;100.0
57.0;139.0;98.0
57.0;138.0;97.5
57.0;139.0;98.0
57.0;141.0;99.0
57.0;138.0;97.5
57.0;139.0;98.0
57.0;138.0;97.5
57.0;142.0;99.5
57.0;140.0;98.5
57.0;142.0;99.5
57.0;136.0;96.5
57.0;137.0;97.0
57.0;137.0;97.0
57.0;138.0;97.5
57.0;141.0;99.0
57.0;140.0;98.5
57.0;142.0;99.5
57.0;137.0;97.0
57.0;137.0;97.0
57.0;139.0;98.0
57.0;134.0;95.5
57.0;143.0;100.0
57.0;137.0;97.0
57.0;136.0;96.5
57.0;137.0;97.0
57.0;139.0;98.0
57.0;138.0;97.5
57.0;142.0;99.5
57.0;143.0;100.0
57.0;141.0;99.0
57.0;136.0;96.5
57.0;138.0;97.5
57.0;136.0;96.5
57.0;138.0;97.5
57.0;136.0;96.5
57.0;138.0;97.5
57.0;136.0;96.5
57.0;137.0;97.0
57.0;141.0;99.0
57.0;141.0;99.0
57.0;138.0;97.5
57.0;135.0;96.0
57.0;142.0;99.5
57.0;139.0;98.0
57.0;136.0;96.5
57.0;142.0;99.5
57.0;140.0;98.5
57.0;141.0;99.0
57.0;142.0;99.5
57.0;137.0;97.0
57.0;137.0;97.0
57.0;141.0;99.0
57.0;144.0;100.5
57.0;140.0;98.5
57.0;142.0;99.5
57.0;140.0;98.5
57.0;141.0;99.0
57.0;137.0;97.0
57.0;138.0;97.5
57.0;137.0;97.0
57.0;144.0;100.5
57.0;139.0;98.0
57.0;141.0;99.0
57.0;138.0;97.5
57.0;139.0;98.0
57.0;137.0;97.0
57.0;142.0;99.5
57.0;139.0;98.0
57.0;139.0;98.0
57.0;139.0;98.0
57.0;137.0;97.0
57.0;137.0;97.0
57.0;135.0;96.0
57.0;143.0;100.0
57.0;137.0;97.0
57.0;134.0;95.5
57.0;134.0;95.5
57.0;136.0;96.5
57.0;140.0;98.5
57.0;138.0;97.5
57.0;138.0;97.5
57.0;138.0;97.5
57.0;137.0;97.0
57.0;137.0;97.0
57.0;138.0;97.5
57.0;139.0;98.0
57.0;137.0;97.0
57.0;143.0;100.0
57.0;140.0;98.5
57.0;137.0;97.0
57.0;140.0;98.5
57.0;142.0;99.5
57.0;139.0;98.0
57.0;136.0;96.5
57.0;138.0;97.5
57.0;140.0;98.5
57.0;137.0;97.0
57.0;136.0;96.5
57.0;142.0;99.5
57.0;138.0;97.5
57.0;141.0;99.0
57.0;136.0;96.5
57.0;136.0;96.5
57.0;137.0;97.0
57.0;137.0;97.0
57.0;143.0;100.0
57.0;137.0;97.0
57.0;140.0;98.5
57.0;137.0;97.0
57.0;137.0;97.0
57.0;139.0;98.0
57.0;143.0;100.0
57.0;141.0;99.0
57.0;136.0;96.5
57.0;137.0;97.0
57.0;142.0;99.5
57.0;142.0;99.5
57.0;142.0;99.5
57.0;136.0;96.5
57.0;136.0;96.5
57.0;134.0;95.5
57.0;140.0;98.5
57.0;140.0;98.5
57.0;136.0;96.5
57.0;141.0;99.0
57.0;139.0;98.0
57.0;139.0;98.0
57.0;135.0;96.0
57.0;137.0;97.0
57.0;135.0;96.0
57.0;141.0;99.0
57.0;138.0;97.5
57.0;136.0;96.5
57.0;138.0;97.5
57.0;142.0;99.5
57.0;144.0;100.5
57.0;144.0;100.5
57.0;137.0;97.0
57.0;135.0;96.0
57.0;138.0;97.5
57.0;141.0;99.0
57.0;136.0;96.5
57.0;140.0;98.5
57.0;140.0;98.5
57.0;136.0;96.5
57.0;143.0;100.0
57.0;138.0;97.5
57.0;139.0;98.0
57.0;136.0;96.5
57.0;139.0;98.0
57.0;137.0;97.0
57.0;142.0;99.5
57.0;141.0;99.0
57.0;141.0;99.0
57.0;138.0;97.5
57.0;138.0;97.5
57.0;143.0;100.0
57.0;141.0;99.0
57.0;138.0;97.5
57.0;136.0;96.5
57.0;141.0;99.0
57.0;137.0;97.0
57.0;142.0;99.5
57.0;143.0;100.0
57.0;142.0;99.5
57.0;136.0;96.5
57.0;141.0;99.0
57.0;138.0;97.5
57.0;138.0;97.5
57.0;138.0;97.5
57.0;138.0;97.5
57.0;137.0;97.0
57.0;140.0;98.5
57.0;140.0;98.5
57.0;136.0;96.5
57.0;140.0;98.5
57.0;137.0;97.0
57.0;137.0;97.0
57.0;137.0;97.0
57.0;142.0;99.5
57.0;137.0;97.0
57.0;141.0;99.0
57.0;140.0;98.5
57.0;136.0;96.5
57.0;140.0;98.5
57.0;141.0;99.0
57.0;143.0;100.0
57.0;135.0;96.0
57.0;141.0;99.0
57.0;139.0;98.0
57.0;137.0;97.0
57.0;138.0;97.5
57.0;137.0;97.0
57.0;138.0;97.5
57.0;142.0;99.5
57.0;139.0;98.0
57.0;141.0;99.0
57.0;140.0;98.5
57.0;136.0;96.5
57.0;142.0;99.5
57.0;141.0;99.0
57.0;135.0;96.0
57.0;136.0;96.5
57.0;137.0;97.0
57.0;138.0;97.5
57.0;142.0;99.5
57.0;137.0;97.0
57.0;137.0;97.0
57.0;140.0;98.5
57.0;143.0;100.0
57.0;136.0;96.5
57.0;136.0;96.5
57.0;139.0;98.0
57.0;137.0;97.0
57.0;142.0;99.5
57.0;137.0;97.0
57.0;140.0;98.5
57.0;139.0;98.0
57.0;137.0;97.0
57.0;137.0;97.0
57.0;136.0;96.5
57.0;137.0;97.0
57.0;141.0;99.0
57.0;138.0;97.5
57.0;137.0;97.0
57.0;140.0;98.5
57.0;143.0;100.0
57.0;133.0;95.0
57.0;144.0;100.5
57.0;133.0;95.0
57.0;141.0;99.0
57.0;137.0;97.0
57.0;137.0;97.0
57.0;138.0;97.5
57.0;139.0;98.0
57.0;140.0;98.5
57.0;139.0;98.0
57.0;137.0;97.0
57.0;143.0;100.0
57.0;136.0;96.5
57.0;140.0;98.5
57.0;142.0;99.5
57.0;138.0;97.5
57.0;143.0;100.0
57.0;137.0;97.0
57.0;137.0;97.0
57.0;136.0;96.5
57.0;139.0;98.0
57.0;135.0;96.0
57.0;137.0;97.0
57.0;141.0;99.0
57.0;140.0;98.5
57.0;137.0;97.0
57.0;140.0;98.5
57.0;142.0;99.5
57.0;137.0;97.0
57.0;140.0;98.5
57.0;140.0;98.5
57.0;142.0;99.5
57.0;142.0;99.5
57.0;140.0;98.5
57.0;138.0;97.5
57.0;137.0;97.0
57.0;142.0;99.5
57.0;144.0;100.5
57.0;135.0;96.0
57.0;137.0;97.0
57.0;137.0;97.0
57.0;137.0;97.0
57.0;137.0;97.0
57.0;140.0;98.5
57.0;139.0;98.0
57.0;137.0;97.0
57.0;135.0;96.0
57.0;143.0;100.0
57.0;141.0;99.0
57.0;136.0;96.5
57.0;137.0;97.0
57.0;137.0;97.0
57.0;137.0;97.0
57.0;137.0;97.0
57.0;142.0;99.5
57.0;141.0;99.0
57.0;136.0;96.5
57.0;136.0;96.5
57.0;142.0;99.5
57.0;138.0;97.5
57.0;133.0;95.0
57.0;141.0;99.0
57.0;138.0;97.5
57.0;138.0;97.5
57.0;137.0;97.0
57.0;138.0;97.5
57.0;136.0;96.5
57.0;140.0;98.5
57.0;136.0;96.5
57.0;140.0;98.5
57.0;132.0;94.5
57.0;141.0;99.0
57.0;139.0;98.0
57.0;135.0;96.0
57.0;141.0;99.0
57.0;142.0;99.5
57.0;138.0;97.5
57.0;138.0;97.5
57.0;136.0;96.5
57.0;136.0;96.5
57.0;137.0;97.0
57.0;138.0;97.5
57.0;137.0;97.0
57.0;137.0;97.0
57.0;137.0;97.0
57.0;137.0;97.0
57.0;142.0;99.5
57.0;140.0;98.5
57.0;140.0;98.5
57.0;142.0;99.5
57.0;138.0;97.5
57.0;135.0;96.0
57.0;141.0;99.0
57.0;143.0;100.0
57.0;144.0;100.5
57.0;135.0;96.0
57.0;138.0;97.5
57.0;138.0;97.5
57.0;134.0;95.5
57.0;141.0;99.0
57.0;141.0;99.0
57.0;138.0;97.5
57.0;143.0;100.0
57.0;136.0;96.5
57.0;142.0;99.5
57.0;136.0;96.5
57.0;139.0;98.0
57.0;141.0;99.0
57.0;138.0;97.5
57.0;137.0;97.0
57.0;142.0;99.5
57.0;138.0;97.5
57.0;133.0;95.0
57.0;137.0;97.0
57.0;134.0;95.5
57.0;135.0;96.0
57.0;132.0;94.5
57.0;138.0;97.5
57.0;142.0;99.5
57.0;136.0;96.5
57.0;136.0;96.5
57.0;144.0;100.5
57.0;140.0;98.5
57.0;136.0;96.5
57.0;134.0;95.5
57.0;136.0;96.5
57.0;136.0;96.5
57.0;142.0;99.5
57.0;138.0;97.5
57.0;140.0;98.5
57.0;135.0;96.0
57.0;142.0;99.5
57.0;136.0;96.5
57.0;134.0;95.5
57.0;144.0;100.5
57.0;137.0;97.0
57.0;139.0;98.0
57.0;138.0;97.5
57.0;137.0;97.0
57.0;138.0;97.5
57.0;138.0;97.5
57.0;135.0;96.0
57.0;138.0;97.5
57.0;138.0;97.5
57.0;139.0;98.0
57.0;136.0;96.5
57.0;135.0;96.0
57.0;134.0;95.5
57.0;142.0;99.5
57.0;141.0;99.0
57.0;140.0;98.5
57.0;138.0;97.5
57.0;135.0;96.0
57.0;137.0;97.0
57.0;138.0;97.5
57.0;143.0;100.0
57.0;137.0;97.0
57.0;136.0;96.5
57.0;138.0;97.5
57.0;140.0;98.5
57.0;132.0;94.5
57.0;137.0;97.0
57.0;134.0;95.5
57.0;137.0;97.0
57.0;138.0;97.5
57.0;142.0;99.5
57.0;143.0;100.0
57.0;143.0;100.0
57.0;140.0;98.5
57.0;140.0;98.5
57.0;143.0;100.0
57.0;138.0;97.5
57.0;137.0;97.0
57.0;143.0;100.0
57.0;141.0;99.0
57.0;137.0;97.0
57.0;136.0;96.5
57.0;140.0;98.5
57.0;139.0;98.0
57.0;141.0;99.0
57.0;136.0;96.5
57.0;136.0;96.5
57.0;135.0;96.0
57.0;142.0;99.5
57.0;137.0;97.0
57.0;136.0;96.5
57.0;137.0;97.0
57.0;137.0;97.0
57.0;137.0;97.0
57.0;140.0;98.5
57.0;142.0;99.5
57.0;141.0;99.0
57.0;143.0;100.0
57.0;137.0;97.0
57.0;141.0;99.0
57.0;136.0;96.5
57.0;132.0;94.5
57.0;142.0;99.5
57.0;137.0;97.0
57.0;142.0;99.5
57.0;140.0;98.5
57.0;141.0;99.0
57.0;143.0;100.0
57.0;143.0;100.0
57.0;142.0;99.5
57.0;141.0;99.0
57.0;140.0;98.5
57.0;140.0;98.5
57.0;143.0;100.0
57.0;139.0;98.0
57.0;135.0;96.0
57.0;139.0;98.0
57.0;136.0;96.5
57.0;138.0;97.5
57.0;131.0;94.0
57.0;137.0;97.0
57.0;142.0;99.5
57.0;139.0;98.0
57.0;133.0;95.0
57.0;136.0;96.5
57.0;142.0;99.5
57.0;141.0;99.0
57.0;138.0;97.5
57.0;136.0;96.5
57.0;138.0;97.5
57.0;140.0;98.5
57.0;143.0;100.0
57.0;136.0;96.5
57.0;141.0;99.0
57.0;136.0;96.5
57.0;140.0;98.5
57.0;137.0;97.0
57.0;138.0;97.5
57.0;136.0;96.5
57.0;138.0;97.5
57.0;134.0;95.5
57.0;135.0;96.0
57.0;138.0;97.5
57.0;135.0;96.0
57.0;140.0;98.5
57.0;143.0;100.0
57.0;142.0;99.5
57.0;142.0;99.5
57.0;138.0;97.5
57.0;138.0;97.5
57.0;141.0;99.0
57.0;140.0;98.5
57.0;141.0;99.0
57.0;135.0;96.0
57.0;143.0;100.0
57.0;142.0;99.5
57.0;138.0;97.5
57.0;137.0;97.0
57.0;137.0;97.0
57.0;141.0;99.0
57.0;138.0;97.5
57.0;136.0;96.5
57.0;137.0;97.0
57.0;137.0;97.0
57.0;139.0;98.0
57.0;139.0;98.0
57.0;142.0;99.5
57.0;142.0;99.5
57.0;140.0;98.5
57.0;136.0;96.5
57.0;139.0;98.0
57.0;143.0;100.0
57.0;137.0;97.0
57.0;142.0;99.5
57.0;143.0;100.0
57.0;138.0;97.5
57.0;141.0;99.0
57.0;142.0;99.5
57.0;138.0;97.5
57.0;136.0;96.5
57.0;141.0;99.0
57.0;138.0;97.5
57.0;140.0;98.5
57.0;137.0;97.0
57.0;143.0;100.0
57.0;135.0;96.0
57.0;142.0;99.5
57.0;137.0;97.0
57.0;143.0;100.0
57.0;137.0;97.0
57.0;135.0;96.0
57.0;133.0;95.0
57.0;132.0;94.5
57.0;142.0;99.5
57.0;140.0;98.5
57.0;140.0;98.5
57.0;142.0;99.5
57.0;136.0;96.5
57.0;139.0;98.0
57.0;137.0;97.0
57.0;137.0;97.0
57.0;137.0;97.0
57.0;137.0;97.0
57.0;140.0;98.5
57.0;143.0;100.0
57.0;140.0;98.5
57.0;138.0;97.5
57.0;137.0;97.0
57.0;137.0;97.0
57.0;142.0;99.5
57.0;136.0;96.5
57.0;141.0;99.0
57.0;143.0;100.0
57.0;143.0;100.0
57.0;140.0;98.5
57.0;139.0;98.0
57.0;142.0;99.5
57.0;142.0;99.5
57.0;134.0;95.5
57.0;136.0;96.5
57.0;139.0;98.0
57.0;137.0;97.0
57.0;136.0;96.5
57.0;143.0;100.0
57.0;136.0;96.5
57.0;143.0;100.0
57.0;143.0;100.0
57.0;136.0;96.5
57.0;141.0;99.0
57.0;142.0;99.5
57.0;138.0;97.5
57.0;138.0;97.5
57.0;136.0;96.5
57.0;135.0;96.0
57.0;140.0;98.5
57.0;138.0;97.5
57.0;137.0;97.0
57.0;136.0;96.5
57.0;139.0;98.0
57.0;142.0;99.5
57.0;141.0;99.0
57.0;135.0;96.0
57.0;137.0;97.0
57.0;141.0;99.0
57.0;142.0;99.5
57.0;139.0;98.0
57.0;138.0;97.5
57.0;142.0;99.5
57.0;136.0;96.5
57.0;142.0;99.5
57.0;137.0;97.0
57.0;143.0;100.0
57.0;137.0;97.0
57.0;143.0;100.0
57.0;140.0;98.5
57.0;140.0;98.5
57.0;140.0;98.5
57.0;137.0;97.0
57.0;141.0;99.0
57.0;142.0;99.5
57.0;135.0;96.0
57.0;136.0;96.5
57.0;137.0;97.0
57.0;139.0;98.0
57.0;139.0;98.0
57.0;142.0;99.5
57.0;139.0;98.0
57.0;137.0;97.0
57.0;139.0;98.0
57.0;137.0;97.0
57.0;142.0;99.5
57.0;141.0;99.0
57.0;137.0;97.0
57.0;138.0;97.5
57.0;136.0;96.5
57.0;144.0;100.5
57.0;138.0;97.5
57.0;140.0;98.5
57.0;136.0;96.5
57.0;136.0;96.5
57.0;142.0;99.5
57.0;144.0;100.5
57.0;139.0;98.0
57.0;136.0;96.5
57.0;137.0;97.0
57.0;136.0;96.5
57.0;137.0;97.0
57.0;135.0;96.0
57.0;140.0;98.5
57.0;137.0;97.0
57.0;137.0;97.0
57.0;141.0;99.0
57.0;137.0;97.0
57.0;141.0;99.0
57.0;137.0;97.0
57.0;140.0;98.5
57.0;142.0;99.5
57.0;141.0;99.0
57.0;135.0;96.0
57.0;137.0;97.0
57.0;138.0;97.5
57.0;141.0;99.0
57.0;138.0;97.5
57.0;137.0;97.0
57.0;142.0;99.5
57.0;138.0;97.5
57.0;140.0;98.5
57.0;136.0;96.5
57.0;143.0;100.0
57.0;139.0;98.0
57.0;137.0;97.0
57.0;140.0;98.5
57.0;139.0;98.0
57.0;136.0;96.5
57.0;141.0;99.0
57.0;143.0;100.0
57.0;133.0;95.0
57.0;137.0;97.0
57.0;139.0;98.0
57.0;143.0;100.0
57.0;142.0;99.5
57.0;137.0;97.0
57.0;143.0;100.0
57.0;140.0;98.5
57.0;136.0;96.5
57.0;142.0;99.5
57.0;136.0;96.5
57.0;141.0;99.0
57.0;137.0;97.0
57.0;136.0;96.5
57.0;138.0;97.5
57.0;139.0;98.0
57.0;137.0;97.0
57.0;138.0;97.5
57.0;138.0;97.5
57.0;138.0;97.5
57.0;132.0;94.5
57.0;137.0;97.0
57.0;137.0;97.0
57.0;143.0;100.0
57.0;136.0;96.5
