99.0;136.0;117.5
95.0;141.0;118.0
95.0;142.0;118.5
87.0;141.0;114.0
87.0;141.0;114.0
87.0;138.0;112.5
82.0;142.0;112.0
82.0;143.0;112.5
82.0;142.0;112.0
76.0;140.0;108.0
76.0;140.0;108.0
76.0;142.0;109.0
76.0;139.0;107.5
76.0;142.0;109.0
75.0;140.0;107.5
75.0;142.0;108.5
75.0;141.0;108.0
75.0;142.0;108.5
75.0;142.0;108.5
75.0;142.0;108.5
75.0;141.0;108.0
75.0;142.0;108.5
75.0;143.0;109.0
75.0;142.0;108.5
75.0;138.0;106.5
75.0;143.0;109.0
75.0;142.0;108.5
75.0;142.0;108.5
75.0;142.0;108.5
75.0;139.0;107.0
75.0;140.0;107.5
75.0;140.0;107.5
75.0;143.0;109.0
75.0;143.0;109.0
75.0;142.0;108.5
75.0;142.0;108.5
75.0;142.0;108.5
75.0;142.0;108.5
75.0;139.0;107.0
75.0;144.0;109.5
75.0;142.0;108.5
75.0;140.0;107.5
75.0;143.0;109.0
75.0;143.0;109.0
75.0;141.0;108.0
75.0;138.0;106.5
75.0;141.0;108.0
75.0;142.0;108.5
75.0;142.0;108.5
75.0;140.0;107.5
75.0;138.0;106.5
75.0;142.0;108.5
75.0;141.0;108.0
75.0;141.0;108.0
75.0;140.0;107.5
75.0;141.0;108.0
75.0;143.0;109.0
75.0;144.0;109.5
75.0;142.0;108.5
75.0;142.0;108.5
75.0;143.0;109.0
75.0;142.0;108.5
75.0;136.0;105.5
75.0;142.0;108.5
75.0;138.0;106.5
75.0;144.0;109.5
75.0;142.0;108.5
75.0;142.0;108.5
75.0;142.0;108.5
75.0;143.0;109.0
75.0;141.0;108.0
75.0;142.0;108.5
75.0;144.0;109.5
75.0;141.0;108.0
75.0;139.0;107.0
75.0;142.0;108.5
75.0;141.0;108.0
75.0;142.0;108.5
75.0;138.0;106.5
75.0;138.0;106.5
75.0;140.0;107.5
75.0;142.0;108.5
75.0;141.0;108.0
75.0;142.0;108.5
75.0;138.0;106.5
75.0;144.0;109.5
75.0;144.0;109.5
75.0;140.0;107.5
75.0;142.0;108.5
75.0;142.0;108.5
75.0;139.0;107.0
75.0;143.0;109.0
75.0;143.0;109.0
75.0;140.0;107.5
75.0;143.0;109.0
75.0;143.0;109.0
75.0;142.0;108.5
75.0;138.0;106.5
75.0;142.0;108.5
75.0;139.0;107.0
75.0;142.0;108.5
75.0;143.0;109.0
75.0;144.0;109.5
75.0;141.0;108.0
75.0;142.0;108.5
75.0;142.0;108.5
75.0;140.0;107.5
75.0;140.0;107.5
75.0;140.0;107.5
75.0;143.0;109.0
75.0;143.0;109.0
75.0;142.0;108.5
75.0;143.0;109.0
75.0;140.0;107.5
75.0;143.0;109.0
75.0;141.0;108.0
75.0;138.0;106.5
75.0;138.0;106.5
75.0;142.0;108.5
75.0;143.0;109.0
75.0;143.0;109.0
75.0;140.0;107.5
75.0;142.0;108.5
75.0;142.0;108.5
75.0;141.0;108.0
75.0;140.0;107.5
75.0;138.0;106.5
75.0;143.0;109.0
75.0;141.0;108.0
75.0;143.0;109.0
75.0;142.0;108.5
75.0;139.0;107.0
75.0;143.0;109.0
75.0;142.0;108.5
75.0;142.0;108.5
75.0;141.0;108.0
75.0;142.0;108.5
75.0;142.0;108.5
75.0;141.0;108.0
75.0;137.0;106.0
75.0;141.0;108.0
75.0;139.0;107.0
75.0;140.0;107.5
75.0;138.0;106.5
75.0;142.0;108.5
75.0;140.0;107.5
75.0;142.0;108.5
75.0;140.0;107.5
75.0;141.0;108.0
75.0;142.0;108.5
75.0;142.0;108.5
75.0;144.0;109.5
75.0;142.0;108.5
75.0;143.0;109.0
75.0;142.0;108.5
75.0;143.0;109.0
75.0;143.0;109.0
75.0;142.0;108.5
73.0;140.0;106.5
73.0;144.0;108.5
73.0;139.0;106.0
73.0;142.0;107.5
73.0;139.0;106.0
73.0;143.0;108.0
73.0;142.0;107.5
73.0;142.0;107.5
73.0;143.0;108.0
73.0;139.0;106.0
73.0;142.0;107.5
73.0;142.0;107.5
73.0;143.0;108.0
73.0;139.0;106.0
73.0;142.0;107.5
73.0;142.0;107.5
73.0;140.0;106.5
73.0;143.0;108.0
73.0;140.0;106.5
73.0;142.0;107.5
73.0;142.0;107.5
73.0;142.0;107.5
73.0;140.0;106.5
73.0;142.0;107.5
73.0;141.0;107.0
73.0;144.0;108.5
73.0;142.0;107.5
73.0;139.0;106.0
73.0;143.0;108.0
73.0;143.0;108.0
73.0;142.0;107.5
73.0;141.0;107.0
73.0;141.0;107.0
73.0;143.0;108.0
73.0;143.0;108.0
73.0;138.0;105.5
73.0;143.0;108.0
73.0;140.0;106.5
73.0;143.0;108.0
73.0;140.0;106.5
73.0;138.0;105.5
73.0;142.0;107.5
73.0;141.0;107.0
73.0;143.0;108.0
73.0;141.0;107.0
72.0;143.0;107.5
72.0;143.0;107.5
72.0;141.0;106.5
72.0;142.0;107.0
72.0;143.0;107.5
72.0;144.0;108.0
72.0;142.0;107.0
72.0;143.0;107.5
72.0;138.0;105.0
72.0;142.0;107.0
72.0;143.0;107.5
72.0;140.0;106.0
72.0;141.0;106.5
72.0;138.0;105.0
72.0;142.0;107.0
72.0;141.0;106.5
72.0;138.0;105.0
72.0;142.0;107.0
72.0;142.0;107.0
72.0;141.0;106.5
72.0;143.0;107.5
72.0;143.0;107.5
72.0;143.0;107.5
72.0;139.0;105.5
72.0;142.0;107.0
72.0;142.0;107.0
72.0;140.0;106.0
72.0;138.0;105.0
72.0;138.0;105.0
72.0;140.0;106.0
72.0;143.0;107.5
72.0;143.0;107.5
72.0;142.0;107.0
72.0;142.0;107.0
72.0;140.0;106.0
72.0;143.0;107.5
72.0;142.0;107.0
72.0;138.0;105.0
72.0;139.0;105.5
72.0;142.0;107.0
72.0;141.0;106.5
72.0;138.0;105.0
72.0;141.0;106.5
72.0;141.0;106.5
72.0;143.0;107.5
72.0;141.0;106.5
72.0;141.0;106.5
72.0;144.0;108.0
72.0;144.0;108.0
72.0;143.0;107.5
72.0;143.0;107.5
72.0;144.0;108.0
72.0;143.0;107.5
72.0;141.0;106.5
72.0;142.0;107.0
72.0;142.0;107.0
72.0;143.0;107.5
72.0;142.0;107.0
72.0;143.0;107.5
72.0;143.0;107.5
72.0;143.0;107.5
72.0;141.0;106.5
72.0;137.0;104.5
72.0;138.0;105.0
72.0;141.0;106.5
72.0;143.0;107.5
72.0;142.0;107.0
72.0;142.0;107.0
72.0;142.0;107.0
72.0;142.0;107.0
72.0;141.0;106.5
72.0;142.0;107.0
72.0;142.0;107.0
72.0;139.0;105.5
72.0;142.0;107.0
72.0;140.0;106.0
72.0;139.0;105.5
72.0;144.0;108.0
72.0;142.0;107.0
72.0;139.0;105.5
72.0;142.0;107.0
72.0;144.0;108.0
72.0;140.0;106.0
72.0;143.0;107.5
72.0;142.0;107.0
72.0;141.0;106.5
72.0;139.0;105.5
72.0;141.0;106.5
72.0;143.0;107.5
72.0;140.0;106.0
72.0;142.0;107.0
72.0;143.0;107.5
72.0;141.0;106.5
72.0;144.0;108.0
72.0;144.0;108.0
72.0;143.0;107.5
72.0;142.0;107.0
72.0;143.0;107.5
72.0;138.0;105.0
72.0;141.0;106.5
72.0;142.0;107.0
72.0;140.0;106.0
72.0;141.0;106.5
72.0;143.0;107.5
72.0;138.0;105.0
72.0;138.0;105.0
72.0;141.0;106.5
72.0;142.0;107.0
72.0;142.0;107.0
72.0;140.0;106.0
72.0;138.0;105.0
72.0;138.0;105.0
72.0;143.0;107.5
72.0;141.0;106.5
72.0;140.0;106.0
72.0;143.0;107.5
72.0;140.0;106.0
72.0;139.0;105.5
72.0;143.0;107.5
72.0;142.0;107.0
72.0;143.0;107.5
72.0;138.0;105.0
72.0;141.0;106.5
72.0;138.0;105.0
72.0;140.0;106.0
72.0;142.0;107.0
72.0;141.0;106.5
72.0;138.0;105.0
72.0;138.0;105.0
72.0;142.0;107.0
72.0;141.0;106.5
72.0;139.0;105.5
72.0;142.0;107.0
72.0;141.0;106.5
72.0;143.0;107.5
72.0;141.0;106.5
72.0;142.0;107.0
72.0;139.0;105.5
72.0;141.0;106.5
72.0;140.0;106.0
72.0;139.0;105.5
72.0;142.0;107.0
72.0;143.0;107.5
72.0;142.0;107.0
72.0;141.0;106.5
72.0;144.0;108.0
72.0;143.0;107.5
72.0;143.0;107.5
72.0;142.0;107.0
72.0;138.0;105.0
72.0;142.0;107.0
72.0;142.0;107.0
72.0;143.0;107.5
72.0;143.0;107.5
72.0;142.0;107.0
72.0;142.0;107.0
72.0;144.0;108.0
72.0;143.0;107.5
72.0;142.0;107.0
72.0;141.0;106.5
72.0;141.0;106.5
72.0;143.0;107.5
72.0;142.0;107.0
72.0;142.0;107.0
72.0;142.0;107.0
72.0;142.0;107.0
72.0;141.0;106.5
72.0;141.0;106.5
72.0;140.0;106.0
72.0;141.0;106.5
72.0;142.0;107.0
72.0;143.0;107.5
72.0;141.0;106.5
72.0;138.0;105.0
72.0;139.0;105.5
72.0;141.0;106.5
72.0;143.0;107.5
72.0;138.0;105.0
72.0;141.0;106.5
68.0;141.0;104.5
68.0;144.0;106.0
68.0;140.0;104.0
68.0;138.0;103.0
68.0;141.0;104.5
68.0;140.0;104.0
68.0;141.0;104.5
68.0;143.0;105.5
68.0;142.0;105.0
68.0;140.0;104.0
68.0;142.0;105.0
68.0;143.0;105.5
68.0;138.0;103.0
68.0;143.0;105.5
68.0;143.0;105.5
68.0;142.0;105.0
68.0;142.0;105.0
68.0;142.0;105.0
68.0;141.0;104.5
68.0;142.0;105.0
68.0;142.0;105.0
68.0;143.0;105.5
68.0;140.0;104.0
68.0;140.0;104.0
68.0;139.0;103.5
68.0;142.0;105.0
68.0;138.0;103.0
68.0;142.0;105.0
68.0;142.0;105.0
68.0;143.0;105.5
68.0;142.0;105.0
68.0;141.0;104.5
68.0;144.0;106.0
68.0;142.0;105.0
68.0;142.0;105.0
68.0;143.0;105.5
68.0;141.0;104.5
68.0;142.0;105.0
68.0;142.0;105.0
68.0;141.0;104.5
68.0;142.0;105.0
68.0;142.0;105.0
68.0;142.0;105.0
68.0;140.0;104.0
68.0;138.0;103.0
68.0;144.0;106.0
68.0;139.0;103.5
68.0;138.0;103.0
68.0;141.0;104.5
68.0;141.0;104.5
68.0;143.0;105.5
68.0;143.0;105.5
68.0;140.0;104.0
68.0;141.0;104.5
68.0;142.0;105.0
68.0;143.0;105.5
68.0;143.0;105.5
68.0;142.0;105.0
68.0;141.0;104.5
68.0;142.0;105.0
68.0;143.0;105.5
68.0;141.0;104.5
68.0;141.0;104.5
68.0;141.0;104.5
68.0;139.0;103.5
68.0;143.0;105.5
68.0;142.0;105.0
68.0;139.0;103.5
68.0;141.0;104.5
68.0;141.0;104.5
68.0;142.0;105.0
68.0;138.0;103.0
68.0;142.0;105.0
68.0;138.0;103.0
68.0;142.0;105.0
68.0;140.0;104.0
68.0;142.0;105.0
68.0;142.0;105.0
68.0;141.0;104.5
68.0;142.0;105.0
68.0;143.0;105.5
68.0;142.0;105.0
68.0;141.0;104.5
68.0;143.0;105.5
68.0;141.0;104.5
68.0;142.0;105.0
68.0;141.0;104.5
68.0;142.0;105.0
68.0;142.0;105.0
68.0;142.0;105.0
68.0;139.0;103.5
68.0;138.0;103.0
68.0;142.0;105.0
68.0;141.0;104.5
68.0;144.0;106.0
68.0;142.0;105.0
68.0;144.0;106.0
68.0;141.0;104.5
68.0;143.0;105.5
68.0;141.0;104.5
68.0;140.0;104.0
68.0;139.0;103.5
68.0;142.0;105.0
68.0;141.0;104.5
68.0;143.0;105.5
68.0;143.0;105.5
68.0;141.0;104.5
68.0;141.0;104.5
68.0;141.0;104.5
68.0;141.0;104.5
68.0;144.0;106.0
68.0;141.0;104.5
68.0;143.0;105.5
68.0;141.0;104.5
68.0;142.0;105.0
68.0;139.0;103.5
68.0;140.0;104.0
68.0;142.0;105.0
68.0;143.0;105.5
68.0;139.0;103.5
68.0;143.0;105.5
68.0;139.0;103.5
68.0;140.0;104.0
68.0;143.0;105.5
68.0;140.0;104.0
68.0;143.0;105.5
68.0;143.0;105.5
68.0;143.0;105.5
68.0;141.0;104.5
68.0;141.0;104.5
68.0;141.0;104.5
68.0;140.0;104.0
68.0;139.0;103.5
68.0;137.0;102.5
68.0;143.0;105.5
68.0;143.0;105.5
68.0;142.0;105.0
68.0;143.0;105.5
68.0;139.0;103.5
68.0;142.0;105.0
68.0;143.0;105.5
68.0;141.0;104.5
68.0;143.0;105.5
68.0;139.0;103.5
68.0;143.0;105.5
68.0;142.0;105.0
68.0;142.0;105.0
68.0;143.0;105.5
68.0;143.0;105.5
68.0;143.0;105.5
68.0;144.0;106.0
68.0;140.0;104.0
68.0;141.0;104.5
68.0;142.0;105.0
68.0;142.0;105.0
68.0;142.0;105.0
68.0;143.0;105.5
68.0;138.0;103.0
68.0;142.0;105.0
68.0;140.0;104.0
68.0;140.0;104.0
68.0;141.0;104.5
68.0;142.0;105.0
68.0;143.0;105.5
68.0;143.0;105.5
68.0;143.0;105.5
68.0;142.0;105.0
68.0;141.0;104.5
68.0;139.0;103.5
68.0;142.0;105.0
68.0;140.0;104.0
68.0;142.0;105.0
68.0;143.0;105.5
68.0;142.0;105.0
68.0;140.0;104.0
68.0;142.0;105.0
68.0;142.0;105.0
68.0;142.0;105.0
68.0;141.0;104.5
68.0;140.0;104.0
68.0;142.0;105.0
68.0;143.0;105.5
68.0;144.0;106.0
68.0;144.0;106.0
68.0;144.0;106.0
68.0;141.0;104.5
68.0;140.0;104.0
68.0;141.0;104.5
68.0;142.0;105.0
68.0;137.0;102.5
68.0;141.0;104.5
68.0;142.0;105.0
68.0;143.0;105.5
68.0;141.0;104.5
68.0;140.0;104.0
68.0;141.0;104.5
68.0;140.0;104.0
68.0;142.0;105.0
68.0;143.0;105.5
68.0;139.0;103.5
68.0;143.0;105.5
68.0;142.0;105.0
68.0;142.0;105.0
68.0;140.0;104.0
68.0;143.0;105.5
68.0;140.0;104.0
68.0;142.0;105.0
68.0;140.0;104.0
68.0;144.0;106.0
68.0;141.0;104.5
68.0;141.0;104.5
68.0;138.0;103.0
68.0;141.0;104.5
68.0;137.0;102.5
68.0;141.0;104.5
68.0;142.0;105.0
68.0;140.0;104.0
68.0;141.0;104.5
68.0;143.0;105.5
68.0;142.0;105.0
68.0;143.0;105.5
68.0;142.0;105.0
68.0;141.0;104.5
68.0;142.0;105.0
68.0;142.0;105.0
68.0;143.0;105.5
68.0;142.0;105.0
68.0;142.0;105.0
68.0;140.0;104.0
68.0;141.0;104.5
68.0;142.0;105.0
68.0;137.0;102.5
68.0;140.0;104.0
68.0;141.0;104.5
68.0;139.0;103.5
68.0;142.0;105.0
68.0;142.0;105.0
68.0;141.0;104.5
68.0;143.0;105.5
68.0;142.0;105.0
68.0;143.0;105.5
68.0;138.0;103.0
68.0;141.0;104.5
68.0;142.0;105.0
68.0;141.0;104.5
68.0;141.0;104.5
68.0;143.0;105.5
68.0;143.0;105.5
68.0;137.0;102.5
68.0;142.0;105.0
68.0;142.0;105.0
68.0;141.0;104.5
68.0;142.0;105.0
68.0;143.0;105.5
68.0;141.0;104.5
68.0;142.0;105.0
68.0;138.0;103.0
68.0;140.0;104.0
68.0;141.0;104.5
68.0;143.0;105.5
68.0;140.0;104.0
68.0;140.0;104.0
68.0;142.0;105.0
68.0;141.0;104.5
68.0;141.0;104.5
68.0;142.0;105.0
68.0;142.0;105.0
68.0;139.0;103.5
68.0;139.0;103.5
68.0;140.0;104.0
68.0;142.0;105.0
68.0;143.0;105.5
68.0;142.0;105.0
68.0;142.0;105.0
68.0;143.0;105.5
68.0;142.0;105.0
68.0;142.0;105.0
68.0;143.0;105.5
68.0;141.0;104.5
68.0;143.0;105.5
68.0;141.0;104.5
68.0;142.0;105.0
68.0;141.0;104.5
68.0;138.0;103.0
68.0;142.0;105.0
68.0;142.0;105.0
68.0;138.0;103.0
68.0;141.0;104.5
68.0;142.0;105.0
68.0;142.0;105.0
68.0;138.0;103.0
68.0;143.0;105.5
68.0;142.0;105.0
68.0;141.0;104.5
68.0;143.0;105.5
68.0;142.0;105.0
68.0;141.0;104.5
68.0;139.0;103.5
68.0;142.0;105.0
68.0;143.0;105.5
68.0;138.0;103.0
68.0;139.0;103.5
68.0;142.0;105.0
68.0;142.0;105.0
68.0;142.0;105.0
68.0;143.0;105.5
68.0;141.0;104.5
68.0;140.0;104.0
68.0;144.0;106.0
68.0;141.0;104.5
68.0;143.0;105.5
68.0;141.0;104.5
68.0;138.0;103.0
68.0;142.0;105.0
68.0;140.0;104.0
68.0;141.0;104.5
68.0;138.0;103.0
68.0;143.0;105.5
68.0;142.0;105.0
68.0;138.0;103.0
68.0;141.0;104.5
68.0;142.0;105.0
68.0;140.0;104.0
68.0;143.0;105.5
68.0;141.0;104.5
68.0;141.0;104.5
68.0;142.0;105.0
68.0;142.0;105.0
68.0;141.0;104.5
68.0;142.0;105.0
68.0;138.0;103.0
68.0;142.0;105.0
68.0;138.0;103.0
68.0;143.0;105.5
68.0;140.0;104.0
68.0;142.0;105.0
68.0;139.0;103.5
68.0;142.0;105.0
68.0;141.0;104.5
68.0;142.0;105.0
68.0;138.0;103.0
68.0;140.0;104.0
68.0;141.0;104.5
68.0;140.0;104.0
68.0;141.0;104.5
68.0;143.0;105.5
68.0;142.0;105.0
68.0;141.0;104.5
68.0;141.0;104.5
68.0;140.0;104.0
68.0;141.0;104.5
68.0;140.0;104.0
68.0;142.0;105.0
68.0;142.0;105.0
68.0;139.0;103.5
68.0;142.0;105.0
68.0;140.0;104.0
68.0;143.0;105.5
68.0;142.0;105.0
68.0;142.0;105.0
68.0;142.0;105.0
68.0;138.0;103.0
68.0;142.0;105.0
68.0;139.0;103.5
68.0;143.0;105.5
68.0;139.0;103.5
68.0;143.0;105.5
68.0;142.0;105.0
68.0;143.0;105.5
68.0;138.0;103.0
68.0;142.0;105.0
68.0;142.0;105.0
68.0;139.0;103.5
68.0;140.0;104.0
68.0;141.0;104.5
68.0;140.0;104.0
68.0;142.0;105.0
68.0;143.0;105.5
68.0;141.0;104.5
68.0;139.0;103.5
68.0;144.0;106.0
68.0;142.0;105.0
68.0;142.0;105.0
68.0;144.0;106.0
68.0;142.0;105.0
68.0;143.0;105.5
68.0;141.0;104.5
68.0;141.0;104.5
68.0;143.0;105.5
68.0;143.0;105.5
68.0;143.0;105.5
68.0;140.0;104.0
68.0;141.0;104.5
68.0;143.0;105.5
68.0;142.0;105.0
68.0;141.0;104.5
68.0;143.0;105.5
68.0;136.0;102.0
68.0;143.0;105.5
68.0;142.0;105.0
68.0;143.0;105.5
68.0;143.0;105.5
68.0;141.0;104.5
68.0;141.0;104.5
68.0;143.0;105.5
68.0;142.0;105.0
68.0;142.0;105.0
68.0;141.0;104.5
68.0;142.0;105.0
68.0;141.0;104.5
68.0;143.0;105.5
68.0;142.0;105.0
68.0;142.0;105.0
68.0;140.0;104.0
68.0;142.0;105.0
68.0;141.0;104.5
68.0;140.0;104.0
68.0;142.0;105.0
68.0;141.0;104.5
68.0;143.0;105.5
68.0;142.0;105.0
68.0;144.0;106.0
68.0;143.0;105.5
68.0;141.0;104.5
68.0;143.0;105.5
68.0;142.0;105.0
68.0;141.0;104.5
68.0;143.0;105.5
68.0;141.0;104.5
68.0;142.0;105.0
68.0;143.0;105.5
68.0;142.0;105.0
68.0;142.0;105.0
68.0;142.0;105.0
68.0;141.0;104.5
68.0;142.0;105.0
68.0;143.0;105.5
68.0;142.0;105.0
68.0;142.0;105.0
68.0;142.0;105.0
68.0;144.0;106.0
68.0;142.0;105.0
68.0;144.0;106.0
68.0;141.0;104.5
68.0;143.0;105.5
68.0;142.0;105.0
68.0;141.0;104.5
68.0;141.0;104.5
68.0;141.0;104.5
68.0;138.0;103.0
68.0;142.0;105.0
68.0;141.0;104.5
68.0;141.0;104.5
68.0;142.0;105.0
68.0;140.0;104.0
68.0;144.0;106.0
68.0;141.0;104.5
68.0;138.0;103.0
68.0;141.0;104.5
68.0;143.0;105.5
68.0;143.0;105.5
68.0;141.0;104.5
68.0;140.0;104.0
68.0;142.0;105.0
68.0;141.0;104.5
68.0;140.0;104.0
68.0;143.0;105.5
68.0;141.0;104.5
68.0;141.0;104.5
68.0;143.0;105.5
68.0;140.0;104.0
68.0;142.0;105.0
68.0;143.0;105.5
68.0;143.0;105.5
68.0;141.0;104.5
68.0;143.0;105.5
68.0;141.0;104.5
68.0;142.0;105.0
68.0;142.0;105.0
68.0;139.0;103.5
68.0;143.0;105.5
68.0;141.0;104.5
68.0;140.0;104.0
68.0;143.0;105.5
68.0;144.0;106.0
68.0;141.0;104.5
68.0;141.0;104.5
68.0;143.0;105.5
68.0;139.0;103.5
68.0;139.0;103.5
68.0;142.0;105.0
68.0;142.0;105.0
68.0;144.0;106.0
68.0;141.0;104.5
68.0;141.0;104.5
68.0;141.0;104.5
68.0;141.0;104.5
68.0;144.0;106.0
68.0;142.0;105.0
68.0;143.0;105.5
68.0;141.0;104.5
68.0;143.0;105.5
68.0;138.0;103.0
68.0;142.0;105.0
68.0;142.0;105.0
68.0;140.0;104.0
68.0;142.0;105.0
68.0;142.0;105.0
68.0;142.0;105.0
68.0;144.0;106.0
68.0;142.0;105.0
68.0;141.0;104.5
68.0;142.0;105.0
68.0;144.0;106.0
68.0;142.0;105.0
68.0;138.0;103.0
68.0;140.0;104.0
68.0;143.0;105.5
68.0;144.0;106.0
66.0;141.0;103.5
66.0;142.0;104.0
66.0;143.0;104.5
66.0;143.0;104.5
66.0;142.0;104.0
66.0;137.0;101.5
66.0;143.0;104.5
66.0;143.0;104.5
66.0;143.0;104.5
66.0;142.0;104.0
66.0;142.0;104.0
66.0;143.0;104.5
66.0;140.0;103.0
66.0;143.0;104.5
66.0;142.0;104.0
66.0;139.0;102.5
66.0;141.0;103.5
66.0;140.0;103.0
66.0;142.0;104.0
66.0;142.0;104.0
66.0;143.0;104.5
66.0;141.0;103.5
66.0;141.0;103.5
66.0;140.0;103.0
66.0;141.0;103.5
66.0;141.0;103.5
66.0;141.0;103.5
66.0;142.0;104.0
66.0;141.0;103.5
66.0;137.0;101.5
66.0;138.0;102.0
66.0;142.0;104.0
66.0;139.0;102.5
66.0;142.0;104.0
66.0;142.0;104.0
66.0;141.0;103.5
66.0;139.0;102.5
66.0;138.0;102.0
66.0;142.0;104.0
66.0;138.0;102.0
66.0;143.0;104.5
66.0;142.0;104.0
66.0;141.0;103.5
66.0;143.0;104.5
66.0;142.0;104.0
66.0;144.0;105.0
66.0;142.0;104.0
66.0;143.0;104.5
66.0;138.0;102.0
66.0;142.0;104.0
66.0;141.0;103.5
66.0;142.0;104.0
66.0;142.0;104.0
66.0;143.0;104.5
66.0;139.0;102.5
66.0;143.0;104.5
66.0;143.0;104.5
66.0;144.0;105.0
66.0;142.0;104.0
66.0;140.0;103.0
66.0;143.0;104.5
66.0;142.0;104.0
66.0;144.0;105.0
66.0;142.0;104.0
66.0;141.0;103.5
66.0;141.0;103.5
66.0;144.0;105.0
66.0;143.0;104.5
66.0;143.0;104.5
66.0;141.0;103.5
66.0;143.0;104.5
66.0;142.0;104.0
66.0;140.0;103.0
66.0;140.0;103.0
66.0;142.0;104.0
66.0;141.0;103.5
66.0;141.0;103.5
66.0;142.0;104.0
66.0;142.0;104.0
66.0;138.0;102.0
66.0;143.0;104.5
66.0;143.0;104.5
66.0;142.0;104.0
66.0;143.0;104.5
66.0;139.0;102.5
66.0;143.0;104.5
66.0;142.0;104.0
66.0;141.0;103.5
66.0;141.0;103.5
66.0;142.0;104.0
66.0;140.0;103.0
66.0;141.0;103.5
66.0;143.0;104.5
66.0;142.0;104.0
66.0;141.0;103.5
66.0;140.0;103.0
66.0;143.0;104.5
66.0;139.0;102.5
66.0;143.0;104.5
