99.0;136.0;117.5
94.2;140.4;117.3
93.0;141.0;117.0
87.8;140.0;113.9
84.2;138.4;111.3
84.2;141.4;112.8
83.8;141.2;112.5
83.6;140.2;111.9
83.6;142.0;112.8
83.6;140.0;111.8
81.8;138.6;110.2
80.4;140.4;110.4
77.8;138.2;108.0
76.6;140.2;108.4
75.2;141.6;108.4
75.2;139.8;107.5
72.8;139.2;106.0
72.4;139.2;105.8
72.2;140.4;106.3
72.2;139.0;105.6
72.2;140.8;106.5
70.8;140.2;105.5
70.8;137.6;104.2
70.8;138.8;104.8
70.6;140.0;105.3
70.2;141.2;105.7
69.4;139.4;104.4
69.4;138.0;103.7
68.2;138.8;103.5
68.0;139.4;103.7
68.0;138.4;103.2
68.0;137.8;102.9
67.6;139.2;103.4
67.6;138.8;103.2
67.4;138.6;103.0
67.4;138.4;102.9
67.4;140.6;104.0
67.4;138.8;103.1
67.4;139.8;103.6
66.8;137.8;102.3
66.8;140.6;103.7
66.8;139.2;103.0
64.6;139.8;102.2
64.6;140.2;102.4
64.6;138.8;101.7
64.6;140.0;102.3
64.6;138.8;101.7
64.6;137.2;100.9
64.6;140.8;102.7
64.6;139.2;101.9
64.6;139.0;101.8
64.6;139.2;101.9
64.6;139.6;102.1
64.6;139.2;101.9
64.6;140.0;102.3
64.6;139.0;101.8
64.4;139.0;101.7
64.4;138.2;101.3
64.4;138.8;101.6
64.4;139.8;102.1
64.4;139.4;101.9
64.4;138.2;101.3
64.2;139.4;101.8
64.2;138.0;101.1
64.2;140.4;102.3
64.2;139.8;102.0
64.2;138.4;101.3
64.0;138.2;101.1
64.0;139.8;101.9
64.0;137.6;100.8
64.0;139.4;101.7
64.0;138.4;101.2
64.0;138.8;101.4
64.0;140.4;102.2
64.0;138.0;101.0
64.0;139.8;101.9
64.0;139.8;101.9
64.0;141.4;102.7
64.0;139.2;101.6
64.0;138.6;101.3
64.0;138.6;101.3
64.0;138.2;101.1
64.0;139.2;101.6
64.0;137.2;100.6
64.0;139.0;101.5
64.0;139.2;101.6
64.0;137.8;100.9
64.0;140.0;102.0
64.0;139.2;101.6
64.0;138.6;101.3
64.0;139.2;101.6
64.0;139.4;101.7
64.0;140.4;102.2
64.0;139.0;101.5
64.0;138.8;101.4
64.0;140.2;102.1
64.0;140.6;102.3
64.0;139.6;101.8
64.0;139.6;101.8
64.0;138.8;101.4
64.0;138.0;101.0
64.0;138.2;101.1
64.0;138.8;101.4
64.0;138.4;101.2
64.0;137.8;100.9
63.8;139.8;101.8
63.8;138.8;101.3
63.4;137.8;100.6
63.4;140.0;101.7
63.4;138.4;100.9
62.6;141.6;102.1
62.6;137.8;100.2
62.6;141.4;102.0
62.6;139.0;100.8
62.6;139.6;101.1
62.6;140.4;101.5
62.6;139.6;101.1
62.6;140.4;101.5
62.6;138.2;100.4
62.6;138.0;100.3
62.6;140.2;101.4
62.6;139.6;101.1
62.6;140.6;101.6
62.6;139.2;100.9
62.6;138.6;100.6
62.6;138.6;100.6
62.6;140.8;101.7
62.6;139.2;100.9
62.6;136.6;99.6
62.6;140.0;101.3
62.6;138.2;100.4
62.6;139.0;100.8
62.6;139.2;100.9
62.6;138.8;100.7
62.6;141.6;102.1
62.6;140.8;101.7
62.6;139.8;101.2
62.6;139.6;101.1
62.6;138.8;100.7
62.6;138.4;100.5
62.6;139.2;100.9
62.6;140.8;101.7
62.6;139.4;101.0
62.6;140.6;101.6
62.6;137.6;100.1
62.6;141.0;101.8
62.6;139.4;101.0
62.6;140.0;101.3
62.6;138.8;100.7
62.6;140.0;101.3
62.6;138.2;100.4
62.6;139.6;101.1
62.2;139.8;101.0
62.2;139.2;100.7
62.2;137.6;99.9
62.2;139.6;100.9
62.2;139.6;100.9
62.2;138.2;100.2
62.2;139.4;100.8
62.2;139.2;100.7
62.2;137.8;100.0
62.2;138.2;100.2
62.2;140.4;101.3
62.2;139.8;101.0
62.2;140.0;101.1
62.2;137.8;100.0
62.2;140.2;101.2
62.2;137.8;100.0
62.2;140.4;101.3
62.2;139.4;100.8
62.2;139.2;100.7
62.2;140.0;101.1
62.2;139.8;101.0
62.2;140.0;101.1
62.2;139.8;101.0
62.2;138.4;100.3
62.2;136.6;99.4
62.2;137.4;99.8
62.2;140.4;101.3
62.2;139.8;101.0
62.2;138.4;100.3
62.2;139.6;100.9
62.2;140.4;101.3
62.2;136.6;99.4
62.2;140.2;101.2
62.2;140.2;101.2
62.2;139.0;100.6
62.2;139.4;100.8
62.2;140.6;101.4
62.2;140.0;101.1
62.0;140.6;101.3
62.0;138.8;100.4
62.0;138.4;100.2
62.0;138.6;100.3
62.0;140.8;101.4
62.0;139.8;100.9
62.0;137.2;99.6
62.0;139.6;100.8
62.0;141.4;101.7
62.0;138.2;100.1
62.0;140.6;101.3
62.0;140.2;101.1
62.0;138.6;100.3
62.0;139.4;100.7
62.0;140.2;101.1
62.0;138.6;100.3
62.0;137.4;99.7
62.0;139.0;100.5
62.0;137.8;99.9
62.0;137.0;99.5
62.0;138.6;100.3
62.0;139.0;100.5
62.0;140.2;101.1
62.0;139.4;100.7
62.0;139.2;100.6
62.0;137.8;99.9
62.0;139.8;100.9
62.0;138.8;100.4
62.0;137.4;99.7
62.0;141.8;101.9
62.0;137.6;99.8
62.0;139.4;100.7
62.0;137.4;99.7
62.0;139.4;100.7
62.0;139.2;100.6
62.0;139.0;100.5
62.0;140.8;101.4
62.0;139.8;100.9
62.0;138.2;100.1
62.0;140.8;101.4
62.0;138.4;100.2
62.0;137.8;99.9
62.0;138.8;100.4
62.0;138.0;100.0
62.0;138.2;100.1
62.0;138.4;100.2
62.0;138.8;100.4
62.0;140.2;101.1
62.0;136.6;99.3
62.0;138.6;100.3
62.0;138.4;100.2
62.0;139.4;100.7
62.0;137.8;99.9
62.0;137.2;99.6
62.0;139.0;100.5
62.0;140.6;101.3
62.0;138.8;100.4
62.0;139.8;100.9
62.0;140.2;101.1
62.0;138.6;100.3
62.0;138.8;100.4
62.0;139.6;100.8
62.0;139.0;100.5
61.8;139.4;100.6
61.8;138.2;100.0
61.8;140.0;100.9
61.8;139.6;100.7
61.8;138.2;100.0
61.8;140.0;100.9
61.8;139.8;100.8
61.8;138.2;100.0
61.8;139.0;100.4
61.8;139.6;100.7
61.8;140.0;100.9
61.8;138.4;100.1
61.8;140.2;101.0
61.8;138.2;100.0
61.8;138.8;100.3
61.8;139.0;100.4
61.8;138.2;100.0
61.8;140.6;101.2
61.8;138.2;100.0
61.8;139.2;100.5
61.8;138.6;100.2
61.8;139.2;100.5
61.8;137.6;99.7
61.8;140.8;101.3
61.8;137.6;99.7
60.8;139.2;100.0
60.8;138.8;99.8
60.8;140.2;100.5
60.8;139.2;100.0
60.8;137.8;99.3
60.8;139.2;100.0
60.8;139.6;100.2
60.8;138.0;99.4
60.8;139.4;100.1
60.8;139.0;99.9
60.8;138.8;99.8
60.8;140.0;100.4
60.8;139.4;100.1
60.8;138.0;99.4
60.8;139.2;100.0
60.8;140.6;100.7
60.8;139.6;100.2
60.8;140.4;100.6
60.8;138.0;99.4
60.8;137.4;99.1
60.8;140.4;100.6
60.8;140.2;100.5
60.8;141.2;101.0
60.8;140.2;100.5
60.8;140.8;100.8
60.8;138.4;99.6
60.8;138.8;99.8
60.0;141.0;100.5
60.0;140.4;100.2
60.0;140.0;100.0
60.0;138.4;99.2
60.0;138.6;99.3
60.0;140.8;100.4
60.0;137.8;98.9
60.0;138.6;99.3
60.0;136.4;98.2
60.0;138.8;99.4
60.0;140.0;100.0
60.0;139.2;99.6
60.0;137.8;98.9
60.0;139.4;99.7
60.0;141.0;100.5
60.0;139.0;99.5
60.0;138.0;99.0
60.0;139.4;99.7
60.0;138.4;99.2
60.0;139.8;99.9
60.0;139.4;99.7
60.0;140.0;100.0
60.0;140.4;100.2
60.0;139.0;99.5
60.0;139.8;99.9
60.0;140.0;100.0
60.0;139.6;99.8
60.0;139.0;99.5
60.0;140.2;100.1
60.0;139.4;99.7
60.0;140.6;100.3
59.4;139.0;99.2
59.4;138.6;99.0
59.4;139.2;99.3
59.4;139.4;99.4
59.4;141.4;100.4
59.4;139.6;99.5
59.4;139.8;99.6
59.4;139.2;99.3
59.4;139.6;99.5
59.4;138.6;99.0
59.4;139.4;99.4
59.4;139.4;99.4
59.4;138.0;98.7
59.4;140.4;99.9
59.4;137.6;98.5
59.4;139.4;99.4
59.4;140.0;99.7
59.4;139.6;99.5
59.4;138.0;98.7
59.4;140.0;99.7
59.4;139.4;99.4
59.4;138.2;98.8
59.4;140.6;100.0
59.4;137.6;98.5
59.4;138.6;99.0
59.4;139.4;99.4
59.4;138.8;99.1
59.4;138.0;98.7
59.4;140.2;99.8
59.4;139.0;99.2
59.4;138.6;99.0
59.4;136.8;98.1
59.4;140.2;99.8
59.4;138.6;99.0
59.4;138.6;99.0
59.4;140.2;99.8
59.4;138.6;99.0
59.4;139.6;99.5
59.4;138.8;99.1
59.4;140.4;99.9
59.4;138.8;99.1
59.4;140.2;99.8
59.4;139.8;99.6
59.4;140.6;100.0
59.4;141.0;100.2
59.4;140.2;99.8
59.4;139.4;99.4
59.4;140.2;99.8
59.4;139.4;99.4
59.4;139.6;99.5
59.4;137.6;98.5
59.4;137.8;98.6
59.4;139.0;99.2
59.4;139.6;99.5
59.4;141.4;100.4
59.4;140.4;99.9
59.4;138.6;99.0
59.4;139.2;99.3
59.4;139.4;99.4
59.4;139.2;99.3
59.4;140.0;99.7
57.8;139.2;98.5
57.8;139.4;98.6
57.8;137.8;97.8
57.8;139.4;98.6
57.8;139.8;98.8
57.8;139.6;98.7
57.4;139.4;98.4
57.4;137.4;97.4
57.4;140.6;99.0
57.4;138.0;97.7
57.4;138.2;97.8
57.4;141.2;99.3
57.4;138.6;98.0
57.4;138.4;97.9
56.8;138.6;97.7
56.8;139.0;97.9
56.8;140.6;98.7
56.8;139.0;97.9
56.8;139.2;98.0
56.8;138.6;97.7
56.8;139.2;98.0
56.8;140.6;98.7
56.8;138.2;97.5
56.8;140.2;98.5
56.8;138.8;97.8
56.8;140.4;98.6
56.8;139.2;98.0
56.8;140.4;98.6
56.8;139.8;98.3
56.8;136.4;96.6
56.8;139.4;98.1
56.8;139.6;98.2
56.8;139.2;98.0
56.8;137.2;97.0
56.8;140.6;98.7
56.8;138.4;97.6
56.8;137.6;97.2
56.8;139.8;98.3
56.8;138.2;97.5
56.8;139.8;98.3
56.8;141.0;98.9
56.8;138.2;97.5
56.8;138.6;97.7
56.8;138.4;97.6
54.8;137.2;96.0
54.8;138.2;96.5
54.8;138.2;96.5
54.8;140.2;97.5
54.8;139.8;97.3
54.8;139.2;97.0
54.8;138.8;96.8
54.8;138.6;96.7
54.8;138.8;96.8
54.8;139.8;97.3
54.8;140.6;97.7
54.8;140.0;97.4
54.6;140.8;97.7
54.6;139.6;97.1
54.6;139.2;96.9
54.6;140.0;97.3
54.6;140.0;97.3
54.6;140.2;97.4
54.6;139.2;96.9
54.6;139.6;97.1
54.6;139.4;97.0
54.6;138.4;96.5
54.6;140.6;97.6
53.6;139.2;96.4
53.6;139.0;96.3
53.6;137.0;95.3
53.6;139.6;96.6
53.6;140.0;96.8
53.6;141.0;97.3
53.6;138.8;96.2
53.6;138.4;96.0
53.6;138.6;96.1
53.6;139.0;96.3
53.6;140.2;96.9
53.6;139.2;96.4
53.6;139.0;96.3
53.6;138.0;95.8
53.6;140.0;96.8
53.0;139.6;96.3
53.0;139.2;96.1
53.0;139.6;96.3
53.0;139.4;96.2
53.0;141.4;97.2
53.0;140.0;96.5
53.0;139.8;96.4
53.0;139.0;96.0
53.0;140.4;96.7
53.0;138.2;95.6
53.0;139.2;96.1
53.0;137.6;95.3
53.0;139.8;96.4
53.0;140.2;96.6
53.0;140.0;96.5
53.0;138.6;95.8
53.0;138.4;95.7
53.0;138.8;95.9
53.0;141.4;97.2
53.0;139.8;96.4
53.0;140.6;96.8
53.0;139.8;96.4
53.0;138.0;95.5
53.0;139.4;96.2
53.0;139.4;96.2
53.0;140.8;96.9
53.0;138.6;95.8
53.0;138.4;95.7
53.0;136.2;94.6
53.0;136.6;94.8
53.0;140.0;96.5
53.0;140.8;96.9
51.2;140.6;95.9
51.2;138.2;94.7
51.2;140.6;95.9
51.2;140.2;95.7
51.2;139.6;95.4
50.4;140.4;95.4
50.4;139.4;94.9
50.4;137.8;94.1
50.4;139.6;95.0
50.4;141.2;95.8
49.8;139.0;94.4
49.8;139.0;94.4
49.8;139.2;94.5
49.8;140.2;95.0
49.8;136.8;93.3
49.8;139.6;94.7
49.8;138.6;94.2
49.8;140.4;95.1
49.8;138.2;94.0
49.6;141.4;95.5
49.6;138.6;94.1
49.6;137.8;93.7
49.6;138.6;94.1
49.6;139.2;94.4
49.6;138.2;93.9
49.6;139.4;94.5
49.6;139.8;94.7
49.6;139.8;94.7
48.6;139.0;93.8
48.6;139.0;93.8
48.6;138.2;93.4
48.6;137.8;93.2
48.6;139.0;93.8
48.6;139.2;93.9
48.6;140.4;94.5
48.6;137.8;93.2
48.6;137.6;93.1
48.6;139.2;93.9
48.6;137.8;93.2
48.6;140.0;94.3
48.6;139.4;94.0
48.6;139.2;93.9
48.6;138.8;93.7
48.6;137.8;93.2
48.6;139.2;93.9
48.6;138.4;93.5
48.6;137.8;93.2
48.6;139.8;94.2
48.6;139.0;93.8
48.6;139.8;94.2
48.6;138.0;93.3
48.6;138.4;93.5
48.6;138.8;93.7
48.6;139.2;93.9
48.6;139.4;94.0
48.6;139.6;94.1
48.6;138.2;93.4
48.6;139.2;93.9
48.6;139.6;94.1
48.6;139.0;93.8
48.6;139.2;93.9
48.6;139.8;94.2
48.6;138.2;93.4
47.8;137.6;92.7
47.8;138.2;93.0
47.8;139.6;93.7
47.8;138.6;93.2
47.8;140.4;94.1
47.8;138.0;92.9
47.8;140.6;94.2
47.8;138.8;93.3
47.8;140.2;94.0
47.8;141.2;94.5
47.8;138.6;93.2
47.8;139.6;93.7
47.8;138.2;93.0
47.8;137.6;92.7
47.8;138.2;93.0
47.8;139.8;93.8
47.8;140.0;93.9
47.8;140.0;93.9
45.4;141.2;93.3
45.4;138.0;91.7
45.4;139.4;92.4
45.4;138.6;92.0
45.4;138.6;92.0
45.4;138.2;91.8
45.4;138.6;92.0
45.4;139.4;92.4
45.4;136.8;91.1
45.4;138.6;92.0
45.4;139.6;92.5
45.4;137.6;91.5
45.4;139.0;92.2
45.4;139.8;92.6
45.4;139.8;92.6
45.4;138.0;91.7
45.4;138.0;91.7
45.4;139.2;92.3
45.4;137.4;91.4
45.4;138.2;91.8
45.4;137.4;91.4
45.4;140.2;92.8
45.4;137.4;91.4
45.4;138.6;92.0
45.4;140.0;92.7
45.4;140.8;93.1
45.4;138.8;92.1
45.4;138.6;92.0
45.4;139.0;92.2
45.4;138.8;92.1
45.4;140.0;92.7
45.4;138.2;91.8
45.4;140.0;92.7
45.4;139.6;92.5
45.4;139.6;92.5
45.4;139.6;92.5
45.4;141.0;93.2
45.4;138.0;91.7
45.4;139.6;92.5
45.4;139.4;92.4
45.4;136.8;91.1
45.4;138.2;91.8
45.4;138.6;92.0
45.4;140.2;92.8
45.4;140.0;92.7
45.4;137.6;91.5
45.4;138.4;91.9
45.4;138.0;91.7
45.4;138.2;91.8
45.4;139.0;92.2
45.4;140.4;92.9
45.4;138.6;92.0
45.4;138.4;91.9
45.4;139.4;92.4
45.4;139.0;92.2
45.2;140.0;92.6
45.2;138.0;91.6
45.2;139.8;92.5
45.2;140.4;92.8
45.2;139.2;92.2
45.2;139.8;92.5
45.2;141.0;93.1
45.2;137.8;91.5
45.2;139.4;92.3
45.2;139.4;92.3
45.2;141.0;93.1
45.2;137.4;91.3
45.2;139.8;92.5
45.2;138.4;91.8
45.2;139.2;92.2
45.2;139.2;92.2
45.2;139.8;92.5
45.2;139.0;92.1
45.2;140.2;92.7
45.2;139.6;92.4
45.2;140.2;92.7
45.2;138.4;91.8
45.2;139.2;92.2
45.2;140.8;93.0
45.2;139.2;92.2
45.2;139.2;92.2
45.2;138.4;91.8
45.2;141.0;93.1
45.2;138.6;91.9
45.2;138.2;91.7
45.2;139.8;92.5
45.2;136.4;90.8
45.2;140.4;92.8
45.2;138.6;91.9
45.2;138.6;91.9
45.2;137.4;91.3
45.2;138.4;91.8
45.2;138.0;91.6
45.2;139.8;92.5
45.2;138.0;91.6
45.2;137.8;91.5
45.2;139.4;92.3
45.2;137.6;91.4
45.2;139.4;92.3
45.2;137.6;91.4
45.2;138.6;91.9
45.2;139.2;92.2
45.2;137.8;91.5
45.2;139.8;92.5
45.2;138.4;91.8
45.2;139.0;92.1
45.2;138.8;92.0
45.2;138.0;91.6
45.2;140.4;92.8
45.2;137.8;91.5
45.2;141.0;93.1
45.2;140.8;93.0
45.2;139.4;92.3
45.2;140.0;92.6
45.2;137.6;91.4
45.2;140.4;92.8
45.2;140.8;93.0
45.2;138.2;91.7
45.2;138.8;92.0
45.2;141.6;93.4
45.2;138.4;91.8
45.2;140.8;93.0
45.2;138.4;91.8
45.2;138.2;91.7
45.2;138.8;92.0
45.2;138.6;91.9
45.2;136.0;90.6
45.2;139.8;92.5
45.2;141.2;93.2
45.2;140.4;92.8
45.2;138.2;91.7
45.2;139.2;92.2
45.2;140.6;92.9
45.2;139.0;92.1
45.2;138.8;92.0
45.2;139.0;92.1
45.2;140.0;92.6
45.2;139.6;92.4
45.2;140.6;92.9
45.2;138.8;92.0
45.2;138.0;91.6
45.2;141.8;93.5
45.2;139.4;92.3
45.2;137.8;91.5
45.2;137.8;91.5
45.2;137.2;91.2
45.2;139.4;92.3
45.2;138.6;91.9
45.2;138.6;91.9
45.2;140.8;93.0
45.2;139.2;92.2
45.2;138.2;91.7
45.2;140.2;92.7
45.2;138.4;91.8
45.2;142.4;93.8
45.2;141.4;93.3
45.2;139.8;92.5
45.2;141.0;93.1
45.2;138.0;91.6
45.2;139.4;92.3
45.2;141.2;93.2
45.2;138.8;92.0
45.2;140.2;92.7
45.2;139.4;92.3
45.2;138.4;91.8
45.2;140.0;92.6
45.2;140.2;92.7
45.2;137.6;91.4
45.2;139.2;92.2
45.2;137.6;91.4
45.2;138.8;92.0
45.2;139.8;92.5
45.2;139.4;92.3
45.2;138.4;91.8
45.2;139.2;92.2
45.2;141.6;93.4
45.2;138.6;91.9
45.2;140.6;92.9
45.2;137.4;91.3
45.2;139.2;92.2
45.2;137.0;91.1
45.2;138.0;91.6
45.2;139.0;92.1
45.2;136.4;90.8
45.2;139.8;92.5
45.2;139.0;92.1
45.2;139.0;92.1
45.2;138.2;91.7
45.2;138.0;91.6
45.2;138.0;91.6
45.2;138.2;91.7
45.2;138.4;91.8
45.2;139.4;92.3
45.2;140.2;92.7
45.2;138.8;92.0
45.2;137.6;91.4
45.2;138.2;91.7
45.2;138.4;91.8
45.2;139.8;92.5
45.2;140.6;92.9
45.2;139.2;92.2
45.2;138.6;91.9
45.2;139.4;92.3
45.2;138.8;92.0
45.2;140.0;92.6
45.2;138.8;92.0
44.2;138.8;91.5
44.2;137.4;90.8
44.2;139.0;91.6
44.2;139.2;91.7
44.2;138.6;91.4
44.2;141.2;92.7
44.2;136.8;90.5
44.2;137.0;90.6
44.2;140.0;92.1
44.2;140.6;92.4
44.2;138.4;91.3
44.2;137.8;91.0
44.2;138.2;91.2
44.2;140.6;92.4
44.2;137.2;90.7
44.2;139.4;91.8
44.2;139.4;91.8
44.2;141.0;92.6
44.2;138.6;91.4
44.2;138.2;91.2
44.2;139.0;91.6
44.2;139.0;91.6
44.2;138.4;91.3
44.2;138.0;91.1
44.2;139.0;91.6
44.2;138.6;91.4
44.2;139.2;91.7
44.2;138.8;91.5
44.2;138.4;91.3
44.2;137.8;91.0
44.2;138.2;91.2
44.2;139.2;91.7
44.2;138.6;91.4
44.2;138.8;91.5
44.2;138.8;91.5
44.2;138.8;91.5
44.2;140.0;92.1
44.2;139.2;91.7
44.2;138.6;91.4
44.2;140.6;92.4
44.2;138.0;91.1
44.2;137.2;90.7
44.2;137.6;90.9
44.2;137.4;90.8
44.2;139.0;91.6
44.2;138.4;91.3
44.2;137.8;91.0
44.2;140.6;92.4
44.2;141.4;92.8
44.2;136.4;90.3
44.2;139.0;91.6
44.2;138.8;91.5
43.4;136.8;90.1
43.4;137.8;90.6
43.4;140.2;91.8
43.4;138.0;90.7
43.4;139.2;91.3
43.4;140.2;91.8
43.4;137.0;90.2
43.4;138.4;90.9
43.4;138.2;90.8
43.4;140.8;92.1
43.4;138.4;90.9
43.4;139.0;91.2
43.4;138.4;90.9
43.4;140.8;92.1
43.4;139.8;91.6
43.4;139.8;91.6
43.4;140.4;91.9
43.4;139.2;91.3
43.4;141.0;92.2
43.4;140.2;91.8
43.4;139.6;91.5
43.4;139.0;91.2
43.4;137.8;90.6
43.4;138.6;91.0
43.4;138.4;90.9
43.4;140.2;91.8
43.4;141.0;92.2
43.4;138.4;90.9
43.4;140.6;92.0
43.4;137.4;90.4
43.4;140.4;91.9
43.4;142.8;93.1
42.0;137.8;89.9
42.0;137.6;89.8
42.0;138.2;90.1
42.0;138.6;90.3
42.0;136.6;89.3
41.8;140.6;91.2
41.8;139.6;90.7
41.8;138.8;90.3
41.8;140.0;90.9
41.8;140.8;91.3
41.8;137.2;89.5
41.8;141.2;91.5
41.8;137.6;89.7
41.8;137.2;89.5
41.8;138.6;90.2
41.8;139.4;90.6
41.8;137.0;89.4
41.8;138.4;90.1
41.8;137.8;89.8
41.8;139.0;90.4
41.8;138.8;90.3
41.8;139.0;90.4
41.8;138.8;90.3
41.8;139.0;90.4
41.8;139.0;90.4
41.8;139.2;90.5
41.8;137.2;89.5
41.8;136.6;89.2
41.8;136.6;89.2
41.8;139.4;90.6
41.8;138.2;90.0
41.8;140.4;91.1
41.8;138.0;89.9
41.8;138.6;90.2
41.8;140.6;91.2
41.8;138.6;90.2
41.8;140.4;91.1
41.8;140.0;90.9
41.8;138.4;90.1
41.8;138.4;90.1
41.8;137.6;89.7
41.8;137.6;89.7
41.8;139.4;90.6
41.8;138.8;90.3
41.8;139.6;90.7
41.8;139.2;90.5
41.8;137.2;89.5
41.8;139.8;90.8
41.8;138.2;90.0
41.8;139.6;90.7
41.8;138.4;90.1
41.8;139.8;90.8
41.8;140.2;91.0
41.8;138.0;89.9
41.8;138.6;90.2
41.8;141.2;91.5
41.8;138.6;90.2
41.8;137.6;89.7
41.2;140.6;90.9
41.2;139.6;90.4
41.2;139.2;90.2
41.2;138.0;89.6
41.2;139.8;90.5
41.2;139.6;90.4
41.2;138.8;90.0
41.2;138.0;89.6
41.2;139.4;90.3
41.2;138.8;90.0
41.2;139.0;90.1
41.2;138.6;89.9
41.2;136.8;89.0
41.2;138.6;89.9
41.2;140.4;90.8
41.2;138.8;90.0
41.2;140.8;91.0
41.2;137.8;89.5
41.2;139.8;90.5
41.2;140.0;90.6
41.2;139.0;90.1
41.2;139.0;90.1
41.2;139.4;90.3
41.2;139.2;90.2
41.2;138.0;89.6
41.2;139.0;90.1
41.2;137.8;89.5
41.2;139.4;90.3
41.2;138.6;89.9
41.2;138.4;89.8
41.2;138.2;89.7
41.2;139.6;90.4
41.2;141.0;91.1
41.2;139.2;90.2
41.2;139.4;90.3
41.2;137.8;89.5
41.2;138.4;89.8
41.2;139.8;90.5
41.2;138.2;89.7
41.2;137.8;89.5
41.2;137.6;89.4
41.2;137.4;89.3
41.2;138.6;89.9
41.2;137.6;89.4
41.2;137.6;89.4
41.2;139.8;90.5
41.2;137.8;89.5
41.2;138.4;89.8
40.8;139.4;90.1
40.8;138.2;89.5
40.8;138.2;89.5
40.8;139.4;90.1
40.8;137.8;89.3
40.8;140.0;90.4
40.8;138.6;89.7
40.8;138.6;89.7
40.8;137.8;89.3
40.8;140.0;90.4
40.8;138.4;89.6
40.8;138.2;89.5
