99.0;136.0;117.5
93.0;142.0;117.5
90.0;142.0;116.0
80.0;143.0;111.5
80.0;143.0;111.5
80.0;141.0;110.5
80.0;137.0;108.5
73.0;138.0;105.5
73.0;137.0;105.0
73.0;140.0;106.5
73.0;138.0;105.5
68.0;143.0;105.5
68.0;142.0;105.0
68.0;143.0;105.5
68.0;141.0;104.5
68.0;140.0;104.0
68.0;139.0;103.5
68.0;141.0;104.5
68.0;142.0;105.0
68.0;142.0;105.0
68.0;142.0;105.0
68.0;137.0;102.5
68.0;138.0;103.0
68.0;141.0;104.5
68.0;137.0;102.5
68.0;139.0;103.5
68.0;141.0;104.5
68.0;143.0;105.5
68.0;137.0;102.5
63.0;144.0;103.5
63.0;137.0;100.0
63.0;142.0;102.5
63.0;143.0;103.0
63.0;137.0;100.0
63.0;135.0;99.0
63.0;138.0;100.5
63.0;136.0;99.5
63.0;138.0;100.5
63.0;144.0;103.5
63.0;142.0;102.5
63.0;141.0;102.0
63.0;135.0;99.0
63.0;137.0;100.0
63.0;138.0;100.5
63.0;143.0;103.0
63.0;143.0;103.0
63.0;136.0;99.5
63.0;138.0;100.5
63.0;140.0;101.5
63.0;141.0;102.0
63.0;142.0;102.5
63.0;138.0;100.5
63.0;141.0;102.0
63.0;143.0;103.0
63.0;137.0;100.0
63.0;136.0;99.5
63.0;141.0;102.0
63.0;141.0;102.0
63.0;142.0;102.5
63.0;137.0;100.0
63.0;141.0;102.0
63.0;141.0;102.0
63.0;143.0;103.0
63.0;139.0;101.0
63.0;138.0;100.5
63.0;141.0;102.0
63.0;141.0;102.0
63.0;140.0;101.5
63.0;137.0;100.0
63.0;137.0;100.0
63.0;142.0;102.5
63.0;138.0;100.5
63.0;137.0;100.0
63.0;138.0;100.5
63.0;139.0;101.0
63.0;137.0;100.0
63.0;141.0;102.0
63.0;143.0;103.0
63.0;142.0;102.5
63.0;142.0;102.5
63.0;142.0;102.5
63.0;138.0;100.5
63.0;139.0;101.0
63.0;139.0;101.0
63.0;143.0;103.0
63.0;142.0;102.5
63.0;141.0;102.0
63.0;143.0;103.0
63.0;139.0;101.0
63.0;140.0;101.5
63.0;138.0;100.5
63.0;139.0;101.0
63.0;142.0;102.5
63.0;137.0;100.0
63.0;141.0;102.0
63.0;136.0;99.5
63.0;139.0;101.0
63.0;140.0;101.5
63.0;141.0;102.0
63.0;137.0;100.0
63.0;140.0;101.5
63.0;140.0;101.5
63.0;141.0;102.0
63.0;137.0;100.0
63.0;141.0;102.0
63.0;137.0;100.0
63.0;139.0;101.0
63.0;137.0;100.0
63.0;135.0;99.0
63.0;141.0;102.0
63.0;137.0;100.0
63.0;142.0;102.5
63.0;142.0;102.5
63.0;144.0;103.5
63.0;139.0;101.0
63.0;137.0;100.0
63.0;141.0;102.0
63.0;139.0;101.0
63.0;141.0;102.0
63.0;138.0;100.5
63.0;139.0;101.0
63.0;140.0;101.5
63.0;138.0;100.5
63.0;139.0;101.0
63.0;138.0;100.5
63.0;136.0;99.5
63.0;137.0;100.0
63.0;140.0;101.5
63.0;138.0;100.5
63.0;141.0;102.0
63.0;141.0;102.0
63.0;138.0;100.5
63.0;137.0;100.0
63.0;138.0;100.5
63.0;142.0;102.5
63.0;140.0;101.5
63.0;141.0;102.0
63.0;139.0;101.0
63.0;139.0;101.0
63.0;144.0;103.5
63.0;141.0;102.0
63.0;143.0;103.0
63.0;136.0;99.5
63.0;136.0;99.5
63.0;140.0;101.5
63.0;137.0;100.0
63.0;137.0;100.0
63.0;139.0;101.0
63.0;142.0;102.5
63.0;136.0;99.5
63.0;137.0;100.0
63.0;140.0;101.5
63.0;139.0;101.0
63.0;138.0;100.5
63.0;140.0;101.5
63.0;137.0;100.0
63.0;139.0;101.0
63.0;137.0;100.0
63.0;137.0;100.0
63.0;136.0;99.5
63.0;136.0;99.5
63.0;139.0;101.0
63.0;137.0;100.0
63.0;137.0;100.0
63.0;143.0;103.0
63.0;139.0;101.0
63.0;137.0;100.0
63.0;140.0;101.5
63.0;137.0;100.0
63.0;138.0;100.5
63.0;137.0;100.0
63.0;140.0;101.5
63.0;137.0;100.0
63.0;141.0;102.0
63.0;140.0;101.5
63.0;137.0;100.0
63.0;143.0;103.0
63.0;143.0;103.0
63.0;143.0;103.0
63.0;134.0;98.5
63.0;138.0;100.5
63.0;137.0;100.0
63.0;138.0;100.5
63.0;141.0;102.0
63.0;142.0;102.5
63.0;140.0;101.5
63.0;141.0;102.0
63.0;138.0;100.5
63.0;138.0;100.5
63.0;139.0;101.0
63.0;142.0;102.5
63.0;138.0;100.5
63.0;143.0;103.0
63.0;142.0;102.5
63.0;135.0;99.0
63.0;133.0;98.0
63.0;136.0;99.5
63.0;136.0;99.5
63.0;141.0;102.0
62.0;138.0;100.0
62.0;139.0;100.5
62.0;141.0;101.5
62.0;138.0;100.0
62.0;141.0;101.5
60.0;138.0;99.0
60.0;136.0;98.0
60.0;137.0;98.5
60.0;140.0;100.0
60.0;142.0;101.0
60.0;141.0;100.5
60.0;143.0;101.5
60.0;139.0;99.5
60.0;138.0;99.0
60.0;141.0;100.5
60.0;138.0;99.0
60.0;142.0;101.0
60.0;137.0;98.5
58.0;140.0;99.0
58.0;143.0;100.5
58.0;144.0;101.0
58.0;141.0;99.5
58.0;141.0;99.5
58.0;140.0;99.0
58.0;137.0;97.5
58.0;142.0;100.0
56.0;138.0;97.0
56.0;138.0;97.0
56.0;142.0;99.0
56.0;141.0;98.5
56.0;142.0;99.0
56.0;143.0;99.5
56.0;139.0;97.5
56.0;141.0;98.5
56.0;141.0;98.5
56.0;138.0;97.0
54.0;140.0;97.0
54.0;135.0;94.5
54.0;144.0;99.0
54.0;141.0;97.5
54.0;138.0;96.0
54.0;138.0;96.0
54.0;138.0;96.0
49.0;142.0;95.5
49.0;137.0;93.0
49.0;137.0;93.0
49.0;141.0;95.0
49.0;141.0;95.0
49.0;143.0;96.0
49.0;142.0;95.5
49.0;143.0;96.0
49.0;136.0;92.5
49.0;140.0;94.5
49.0;141.0;95.0
49.0;138.0;93.5
49.0;139.0;94.0
49.0;140.0;94.5
49.0;137.0;93.0
49.0;139.0;94.0
49.0;139.0;94.0
49.0;138.0;93.5
49.0;141.0;95.0
49.0;137.0;93.0
49.0;141.0;95.0
49.0;141.0;95.0
49.0;142.0;95.5
49.0;137.0;93.0
49.0;143.0;96.0
49.0;142.0;95.5
49.0;141.0;95.0
49.0;144.0;96.5
49.0;136.0;92.5
49.0;139.0;94.0
49.0;140.0;94.5
49.0;137.0;93.0
49.0;137.0;93.0
49.0;140.0;94.5
49.0;140.0;94.5
49.0;140.0;94.5
49.0;136.0;92.5
49.0;141.0;95.0
49.0;137.0;93.0
49.0;137.0;93.0
49.0;143.0;96.0
49.0;143.0;96.0
49.0;144.0;96.5
49.0;137.0;93.0
49.0;141.0;95.0
49.0;141.0;95.0
49.0;143.0;96.0
49.0;140.0;94.5
49.0;139.0;94.0
49.0;141.0;95.0
49.0;137.0;93.0
49.0;142.0;95.5
49.0;142.0;95.5
49.0;142.0;95.5
49.0;142.0;95.5
49.0;138.0;93.5
49.0;142.0;95.5
49.0;141.0;95.0
49.0;139.0;94.0
49.0;139.0;94.0
49.0;137.0;93.0
49.0;142.0;95.5
49.0;142.0;95.5
49.0;138.0;93.5
49.0;140.0;94.5
49.0;142.0;95.5
49.0;142.0;95.5
49.0;139.0;94.0
49.0;141.0;95.0
49.0;142.0;95.5
49.0;141.0;95.0
49.0;136.0;92.5
49.0;135.0;92.0
49.0;142.0;95.5
49.0;140.0;94.5
49.0;143.0;96.0
49.0;140.0;94.5
49.0;140.0;94.5
49.0;143.0;96.0
49.0;141.0;95.0
49.0;137.0;93.0
49.0;140.0;94.5
49.0;140.0;94.5
49.0;143.0;96.0
49.0;138.0;93.5
49.0;141.0;95.0
49.0;142.0;95.5
49.0;144.0;96.5
49.0;139.0;94.0
49.0;137.0;93.0
49.0;138.0;93.5
49.0;142.0;95.5
49.0;138.0;93.5
49.0;140.0;94.5
49.0;140.0;94.5
49.0;142.0;95.5
49.0;140.0;94.5
49.0;137.0;93.0
49.0;140.0;94.5
49.0;142.0;95.5
49.0;138.0;93.5
49.0;142.0;95.5
49.0;138.0;93.5
49.0;141.0;95.0
49.0;141.0;95.0
49.0;141.0;95.0
49.0;141.0;95.0
49.0;141.0;95.0
49.0;141.0;95.0
49.0;142.0;95.5
49.0;141.0;95.0
49.0;142.0;95.5
49.0;138.0;93.5
49.0;141.0;95.0
49.0;138.0;93.5
49.0;141.0;95.0
49.0;142.0;95.5
49.0;141.0;95.0
49.0;139.0;94.0
49.0;142.0;95.5
49.0;142.0;95.5
49.0;143.0;96.0
49.0;137.0;93.0
49.0;143.0;96.0
49.0;137.0;93.0
49.0;136.0;92.5
49.0;142.0;95.5
49.0;142.0;95.5
49.0;137.0;93.0
49.0;143.0;96.0
49.0;137.0;93.0
49.0;139.0;94.0
49.0;140.0;94.5
49.0;141.0;95.0
49.0;141.0;95.0
49.0;137.0;93.0
49.0;142.0;95.5
49.0;141.0;95.0
49.0;140.0;94.5
49.0;138.0;93.5
49.0;137.0;93.0
49.0;141.0;95.0
49.0;138.0;93.5
49.0;141.0;95.0
49.0;135.0;92.0
49.0;141.0;95.0
49.0;141.0;95.0
49.0;136.0;92.5
49.0;142.0;95.5
49.0;141.0;95.0
49.0;137.0;93.0
49.0;139.0;94.0
49.0;140.0;94.5
49.0;143.0;96.0
49.0;142.0;95.5
49.0;137.0;93.0
49.0;138.0;93.5
49.0;139.0;94.0
49.0;141.0;95.0
49.0;140.0;94.5
49.0;136.0;92.5
49.0;138.0;93.5
49.0;143.0;96.0
49.0;140.0;94.5
49.0;136.0;92.5
49.0;141.0;95.0
49.0;143.0;96.0
49.0;136.0;92.5
49.0;142.0;95.5
49.0;140.0;94.5
49.0;138.0;93.5
49.0;141.0;95.0
49.0;139.0;94.0
49.0;141.0;95.0
49.0;141.0;95.0
49.0;137.0;93.0
49.0;138.0;93.5
49.0;142.0;95.5
49.0;136.0;92.5
49.0;141.0;95.0
49.0;137.0;93.0
49.0;144.0;96.5
49.0;137.0;93.0
49.0;143.0;96.0
49.0;133.0;91.0
49.0;137.0;93.0
49.0;143.0;96.0
49.0;142.0;95.5
49.0;142.0;95.5
49.0;140.0;94.5
49.0;142.0;95.5
49.0;142.0;95.5
49.0;137.0;93.0
49.0;138.0;93.5
49.0;138.0;93.5
49.0;141.0;95.0
49.0;142.0;95.5
49.0;138.0;93.5
49.0;141.0;95.0
49.0;140.0;94.5
49.0;142.0;95.5
49.0;138.0;93.5
49.0;142.0;95.5
49.0;143.0;96.0
49.0;139.0;94.0
49.0;143.0;96.0
49.0;143.0;96.0
49.0;142.0;95.5
49.0;137.0;93.0
49.0;143.0;96.0
49.0;139.0;94.0
49.0;138.0;93.5
49.0;140.0;94.5
49.0;142.0;95.5
49.0;136.0;92.5
49.0;143.0;96.0
49.0;140.0;94.5
49.0;140.0;94.5
49.0;142.0;95.5
49.0;142.0;95.5
49.0;139.0;94.0
49.0;139.0;94.0
49.0;143.0;96.0
49.0;142.0;95.5
49.0;137.0;93.0
49.0;143.0;96.0
49.0;138.0;93.5
49.0;142.0;95.5
49.0;143.0;96.0
49.0;142.0;95.5
49.0;141.0;95.0
49.0;141.0;95.0
49.0;142.0;95.5
49.0;142.0;95.5
49.0;142.0;95.5
49.0;141.0;95.0
49.0;137.0;93.0
49.0;137.0;93.0
49.0;141.0;95.0
49.0;132.0;90.5
49.0;144.0;96.5
49.0;142.0;95.5
49.0;136.0;92.5
49.0;138.0;93.5
49.0;141.0;95.0
49.0;138.0;93.5
49.0;138.0;93.5
49.0;140.0;94.5
49.0;143.0;96.0
49.0;142.0;95.5
49.0;138.0;93.5
49.0;137.0;93.0
49.0;143.0;96.0
49.0;142.0;95.5
49.0;140.0;94.5
49.0;142.0;95.5
49.0;143.0;96.0
49.0;137.0;93.0
49.0;138.0;93.5
49.0;138.0;93.5
49.0;141.0;95.0
49.0;142.0;95.5
49.0;139.0;94.0
49.0;137.0;93.0
49.0;140.0;94.5
49.0;139.0;94.0
49.0;142.0;95.5
49.0;136.0;92.5
49.0;141.0;95.0
49.0;142.0;95.5
49.0;140.0;94.5
49.0;137.0;93.0
49.0;137.0;93.0
49.0;142.0;95.5
49.0;138.0;93.5
49.0;135.0;92.0
49.0;138.0;93.5
49.0;137.0;93.0
49.0;142.0;95.5
49.0;143.0;96.0
49.0;137.0;93.0
49.0;137.0;93.0
49.0;144.0;96.5
49.0;142.0;95.5
49.0;140.0;94.5
49.0;141.0;95.0
49.0;143.0;96.0
49.0;138.0;93.5
49.0;142.0;95.5
49.0;143.0;96.0
49.0;137.0;93.0
49.0;139.0;94.0
49.0;141.0;95.0
49.0;142.0;95.5
49.0;141.0;95.0
49.0;138.0;93.5
49.0;138.0;93.5
49.0;141.0;95.0
49.0;141.0;95.0
49.0;141.0;95.0
49.0;139.0;94.0
49.0;137.0;93.0
49.0;138.0;93.5
49.0;138.0;93.5
49.0;141.0;95.0
49.0;141.0;95.0
49.0;137.0;93.0
49.0;137.0;93.0
49.0;142.0;95.5
49.0;141.0;95.0
49.0;142.0;95.5
49.0;134.0;91.5
49.0;137.0;93.0
49.0;141.0;95.0
49.0;138.0;93.5
49.0;138.0;93.5
49.0;137.0;93.0
49.0;137.0;93.0
49.0;136.0;92.5
49.0;142.0;95.5
49.0;141.0;95.0
49.0;137.0;93.0
49.0;137.0;93.0
49.0;137.0;93.0
49.0;142.0;95.5
49.0;142.0;95.5
49.0;138.0;93.5
49.0;142.0;95.5
49.0;142.0;95.5
49.0;141.0;95.0
49.0;141.0;95.0
49.0;141.0;95.0
49.0;137.0;93.0
49.0;137.0;93.0
49.0;143.0;96.0
49.0;141.0;95.0
49.0;139.0;94.0
49.0;141.0;95.0
49.0;141.0;95.0
49.0;138.0;93.5
49.0;137.0;93.0
49.0;137.0;93.0
49.0;142.0;95.5
49.0;138.0;93.5
49.0;137.0;93.0
49.0;139.0;94.0
49.0;138.0;93.5
49.0;143.0;96.0
49.0;137.0;93.0
49.0;142.0;95.5
49.0;143.0;96.0
49.0;142.0;95.5
49.0;143.0;96.0
49.0;140.0;94.5
49.0;138.0;93.5
49.0;142.0;95.5
49.0;141.0;95.0
49.0;141.0;95.0
49.0;138.0;93.5
49.0;135.0;92.0
49.0;141.0;95.0
49.0;140.0;94.5
49.0;143.0;96.0
49.0;138.0;93.5
49.0;142.0;95.5
49.0;137.0;93.0
49.0;140.0;94.5
49.0;140.0;94.5
49.0;138.0;93.5
49.0;141.0;95.0
49.0;143.0;96.0
49.0;136.0;92.5
49.0;141.0;95.0
49.0;139.0;94.0
49.0;142.0;95.5
49.0;140.0;94.5
49.0;137.0;93.0
49.0;142.0;95.5
49.0;137.0;93.0
49.0;136.0;92.5
49.0;138.0;93.5
49.0;137.0;93.0
49.0;141.0;95.0
49.0;138.0;93.5
49.0;137.0;93.0
49.0;142.0;95.5
49.0;138.0;93.5
49.0;140.0;94.5
49.0;137.0;93.0
49.0;141.0;95.0
49.0;136.0;92.5
49.0;144.0;96.5
49.0;139.0;94.0
49.0;141.0;95.0
49.0;142.0;95.5
49.0;138.0;93.5
49.0;139.0;94.0
49.0;142.0;95.5
49.0;139.0;94.0
49.0;136.0;92.5
49.0;141.0;95.0
49.0;141.0;95.0
49.0;141.0;95.0
49.0;142.0;95.5
49.0;142.0;95.5
49.0;136.0;92.5
49.0;136.0;92.5
49.0;143.0;96.0
49.0;143.0;96.0
49.0;137.0;93.0
49.0;141.0;95.0
49.0;143.0;96.0
49.0;139.0;94.0
49.0;137.0;93.0
49.0;138.0;93.5
49.0;140.0;94.5
49.0;140.0;94.5
49.0;142.0;95.5
49.0;142.0;95.5
49.0;137.0;93.0
49.0;141.0;95.0
49.0;139.0;94.0
49.0;142.0;95.5
49.0;143.0;96.0
49.0;143.0;96.0
49.0;143.0;96.0
49.0;134.0;91.5
49.0;140.0;94.5
49.0;139.0;94.0
49.0;136.0;92.5
49.0;141.0;95.0
49.0;139.0;94.0
49.0;141.0;95.0
49.0;136.0;92.5
49.0;140.0;94.5
49.0;144.0;96.5
49.0;139.0;94.0
49.0;142.0;95.5
49.0;138.0;93.5
49.0;135.0;92.0
49.0;139.0;94.0
49.0;137.0;93.0
49.0;139.0;94.0
49.0;142.0;95.5
49.0;143.0;96.0
49.0;138.0;93.5
49.0;137.0;93.0
49.0;136.0;92.5
49.0;141.0;95.0
49.0;136.0;92.5
49.0;138.0;93.5
49.0;143.0;96.0
49.0;137.0;93.0
49.0;140.0;94.5
49.0;142.0;95.5
49.0;137.0;93.0
49.0;138.0;93.5
49.0;142.0;95.5
49.0;141.0;95.0
49.0;143.0;96.0
49.0;142.0;95.5
49.0;140.0;94.5
49.0;138.0;93.5
49.0;137.0;93.0
49.0;136.0;92.5
49.0;142.0;95.5
49.0;141.0;95.0
49.0;138.0;93.5
49.0;143.0;96.0
49.0;139.0;94.0
49.0;140.0;94.5
49.0;137.0;93.0
49.0;142.0;95.5
49.0;140.0;94.5
49.0;138.0;93.5
49.0;140.0;94.5
49.0;140.0;94.5
49.0;143.0;96.0
49.0;142.0;95.5
49.0;143.0;96.0
49.0;137.0;93.0
49.0;135.0;92.0
49.0;141.0;95.0
49.0;138.0;93.5
49.0;140.0;94.5
49.0;141.0;95.0
49.0;142.0;95.5
49.0;141.0;95.0
49.0;142.0;95.5
49.0;136.0;92.5
49.0;144.0;96.5
49.0;137.0;93.0
49.0;140.0;94.5
49.0;139.0;94.0
49.0;138.0;93.5
49.0;138.0;93.5
49.0;143.0;96.0
49.0;140.0;94.5
49.0;143.0;96.0
49.0;138.0;93.5
49.0;138.0;93.5
49.0;140.0;94.5
49.0;141.0;95.0
49.0;141.0;95.0
49.0;138.0;93.5
49.0;137.0;93.0
49.0;141.0;95.0
49.0;143.0;96.0
49.0;138.0;93.5
49.0;138.0;93.5
49.0;139.0;94.0
49.0;138.0;93.5
49.0;137.0;93.0
49.0;143.0;96.0
49.0;143.0;96.0
49.0;142.0;95.5
49.0;136.0;92.5
49.0;143.0;96.0
49.0;138.0;93.5
49.0;139.0;94.0
49.0;138.0;93.5
49.0;138.0;93.5
49.0;142.0;95.5
49.0;142.0;95.5
49.0;138.0;93.5
49.0;138.0;93.5
49.0;141.0;95.0
49.0;142.0;95.5
49.0;137.0;93.0
49.0;140.0;94.5
49.0;141.0;95.0
49.0;139.0;94.0
49.0;140.0;94.5
49.0;139.0;94.0
49.0;142.0;95.5
49.0;137.0;93.0
49.0;142.0;95.5
49.0;142.0;95.5
49.0;142.0;95.5
49.0;137.0;93.0
49.0;137.0;93.0
49.0;141.0;95.0
49.0;138.0;93.5
49.0;143.0;96.0
49.0;141.0;95.0
49.0;137.0;93.0
49.0;143.0;96.0
49.0;136.0;92.5
49.0;140.0;94.5
49.0;142.0;95.5
49.0;142.0;95.5
49.0;138.0;93.5
49.0;139.0;94.0
49.0;143.0;96.0
49.0;135.0;92.0
49.0;139.0;94.0
49.0;140.0;94.5
49.0;138.0;93.5
49.0;138.0;93.5
49.0;143.0;96.0
49.0;136.0;92.5
49.0;138.0;93.5
49.0;143.0;96.0
49.0;140.0;94.5
49.0;143.0;96.0
49.0;142.0;95.5
49.0;143.0;96.0
49.0;143.0;96.0
49.0;138.0;93.5
49.0;143.0;96.0
49.0;140.0;94.5
49.0;137.0;93.0
49.0;138.0;93.5
49.0;141.0;95.0
49.0;139.0;94.0
49.0;139.0;94.0
49.0;143.0;96.0
49.0;140.0;94.5
49.0;140.0;94.5
49.0;141.0;95.0
49.0;144.0;96.5
49.0;142.0;95.5
49.0;142.0;95.5
49.0;142.0;95.5
49.0;142.0;95.5
49.0;140.0;94.5
49.0;139.0;94.0
49.0;139.0;94.0
49.0;141.0;95.0
49.0;141.0;95.0
49.0;138.0;93.5
49.0;141.0;95.0
49.0;140.0;94.5
49.0;140.0;94.5
49.0;142.0;95.5
49.0;138.0;93.5
49.0;143.0;96.0
49.0;137.0;93.0
49.0;140.0;94.5
49.0;137.0;93.0
49.0;138.0;93.5
49.0;138.0;93.5
49.0;141.0;95.0
49.0;140.0;94.5
49.0;138.0;93.5
49.0;141.0;95.0
49.0;136.0;92.5
49.0;142.0;95.5
49.0;139.0;94.0
49.0;140.0;94.5
49.0;137.0;93.0
49.0;137.0;93.0
49.0;141.0;95.0
49.0;138.0;93.5
49.0;137.0;93.0
49.0;138.0;93.5
49.0;141.0;95.0
49.0;142.0;95.5
49.0;138.0;93.5
49.0;143.0;96.0
49.0;142.0;95.5
49.0;140.0;94.5
49.0;142.0;95.5
49.0;143.0;96.0
49.0;142.0;95.5
49.0;143.0;96.0
49.0;138.0;93.5
49.0;137.0;93.0
49.0;142.0;95.5
49.0;139.0;94.0
49.0;137.0;93.0
49.0;140.0;94.5
49.0;137.0;93.0
49.0;142.0;95.5
49.0;141.0;95.0
49.0;137.0;93.0
49.0;136.0;92.5
49.0;137.0;93.0
49.0;141.0;95.0
49.0;141.0;95.0
49.0;140.0;94.5
49.0;137.0;93.0
49.0;142.0;95.5
49.0;137.0;93.0
49.0;137.0;93.0
49.0;142.0;95.5
49.0;141.0;95.0
49.0;142.0;95.5
49.0;136.0;92.5
49.0;137.0;93.0
49.0;139.0;94.0
49.0;143.0;96.0
49.0;141.0;95.0
49.0;136.0;92.5
49.0;138.0;93.5
49.0;137.0;93.0
49.0;136.0;92.5
49.0;138.0;93.5
49.0;141.0;95.0
49.0;137.0;93.0
49.0;142.0;95.5
49.0;141.0;95.0
49.0;140.0;94.5
49.0;139.0;94.0
49.0;142.0;95.5
49.0;137.0;93.0
49.0;138.0;93.5
49.0;139.0;94.0
49.0;143.0;96.0
49.0;137.0;93.0
49.0;136.0;92.5
49.0;141.0;95.0
49.0;141.0;95.0
49.0;140.0;94.5
49.0;137.0;93.0
49.0;143.0;96.0
49.0;140.0;94.5
49.0;140.0;94.5
49.0;141.0;95.0
49.0;137.0;93.0
49.0;142.0;95.5
49.0;143.0;96.0
49.0;143.0;96.0
49.0;141.0;95.0
49.0;141.0;95.0
49.0;143.0;96.0
49.0;142.0;95.5
49.0;141.0;95.0
49.0;141.0;95.0
49.0;138.0;93.5
49.0;140.0;94.5
49.0;138.0;93.5
49.0;136.0;92.5
49.0;139.0;94.0
49.0;142.0;95.5
49.0;141.0;95.0
49.0;142.0;95.5
49.0;136.0;92.5
49.0;141.0;95.0
49.0;141.0;95.0
49.0;142.0;95.5
49.0;142.0;95.5
49.0;136.0;92.5
49.0;141.0;95.0
49.0;137.0;93.0
49.0;141.0;95.0
49.0;138.0;93.5
49.0;141.0;95.0
49.0;143.0;96.0
49.0;136.0;92.5
49.0;141.0;95.0
49.0;141.0;95.0
49.0;138.0;93.5
49.0;136.0;92.5
49.0;141.0;95.0
49.0;142.0;95.5
49.0;137.0;93.0
49.0;137.0;93.0
49.0;141.0;95.0
49.0;143.0;96.0
49.0;136.0;92.5
49.0;138.0;93.5
49.0;136.0;92.5
49.0;137.0;93.0
49.0;139.0;94.0
49.0;138.0;93.5
49.0;137.0;93.0
49.0;141.0;95.0
49.0;142.0;95.5
49.0;136.0;92.5
49.0;142.0;95.5
49.0;136.0;92.5
49.0;138.0;93.5
49.0;142.0;95.5
49.0;142.0;95.5
49.0;139.0;94.0
49.0;142.0;95.5
49.0;138.0;93.5
49.0;143.0;96.0
49.0;137.0;93.0
49.0;142.0;95.5
49.0;137.0;93.0
49.0;139.0;94.0
49.0;142.0;95.5
49.0;141.0;95.0
49.0;137.0;93.0
49.0;144.0;96.5
49.0;139.0;94.0
49.0;139.0;94.0
49.0;138.0;93.5
49.0;139.0;94.0
49.0;141.0;95.0
49.0;141.0;95.0
49.0;141.0;95.0
49.0;139.0;94.0
49.0;140.0;94.5
49.0;137.0;93.0
49.0;137.0;93.0
