99.0;136.0;117.5
95.0;139.0;117.0
95.0;140.0;117.5
95.0;141.0;118.0
95.0;141.0;118.0
85.0;142.0;113.5
85.0;142.0;113.5
83.0;140.0;111.5
83.0;141.0;112.0
83.0;137.0;110.0
83.0;137.0;110.0
83.0;142.0;112.5
83.0;138.0;110.5
83.0;138.0;110.5
83.0;141.0;112.0
82.0;137.0;109.5
82.0;139.0;110.5
82.0;138.0;110.0
82.0;138.0;110.0
82.0;136.0;109.0
82.0;142.0;112.0
82.0;138.0;110.0
78.0;139.0;108.5
78.0;137.0;107.5
78.0;137.0;107.5
78.0;138.0;108.0
78.0;137.0;107.5
78.0;139.0;108.5
78.0;136.0;107.0
78.0;141.0;109.5
78.0;141.0;109.5
78.0;137.0;107.5
78.0;142.0;110.0
78.0;139.0;108.5
78.0;137.0;107.5
78.0;132.0;105.0
78.0;144.0;111.0
78.0;137.0;107.5
78.0;136.0;107.0
78.0;143.0;110.5
78.0;138.0;108.0
78.0;141.0;109.5
78.0;136.0;107.0
75.0;135.0;105.0
75.0;142.0;108.5
75.0;138.0;106.5
75.0;140.0;107.5
75.0;137.0;106.0
75.0;138.0;106.5
75.0;138.0;106.5
75.0;138.0;106.5
75.0;142.0;108.5
75.0;142.0;108.5
75.0;142.0;108.5
73.0;134.0;103.5
73.0;136.0;104.5
73.0;143.0;108.0
73.0;141.0;107.0
73.0;137.0;105.0
73.0;144.0;108.5
73.0;143.0;108.0
73.0;141.0;107.0
73.0;136.0;104.5
73.0;138.0;105.5
73.0;138.0;105.5
73.0;136.0;104.5
73.0;140.0;106.5
73.0;140.0;106.5
73.0;137.0;105.0
73.0;136.0;104.5
73.0;138.0;105.5
73.0;136.0;104.5
73.0;133.0;103.0
73.0;141.0;107.0
73.0;140.0;106.5
73.0;138.0;105.5
73.0;140.0;106.5
73.0;138.0;105.5
73.0;138.0;105.5
73.0;141.0;107.0
73.0;141.0;107.0
73.0;144.0;108.5
73.0;139.0;106.0
73.0;137.0;105.0
73.0;139.0;106.0
73.0;140.0;106.5
73.0;136.0;104.5
73.0;135.0;104.0
73.0;137.0;105.0
73.0;142.0;107.5
73.0;141.0;107.0
73.0;141.0;107.0
73.0;136.0;104.5
73.0;136.0;104.5
73.0;139.0;106.0
73.0;137.0;105.0
73.0;137.0;105.0
73.0;138.0;105.5
73.0;139.0;106.0
73.0;139.0;106.0
73.0;136.0;104.5
73.0;142.0;107.5
73.0;141.0;107.0
72.0;136.0;104.0
72.0;139.0;105.5
72.0;141.0;106.5
66.0;142.0;104.0
66.0;139.0;102.5
66.0;137.0;101.5
66.0;140.0;103.0
66.0;135.0;100.5
66.0;137.0;101.5
66.0;138.0;102.0
66.0;142.0;104.0
66.0;137.0;101.5
66.0;141.0;103.5
66.0;138.0;102.0
66.0;141.0;103.5
66.0;136.0;101.0
66.0;138.0;102.0
66.0;137.0;101.5
66.0;136.0;101.0
66.0;135.0;100.5
66.0;136.0;101.0
66.0;138.0;102.0
66.0;139.0;102.5
66.0;137.0;101.5
66.0;140.0;103.0
66.0;138.0;102.0
66.0;138.0;102.0
66.0;143.0;104.5
66.0;133.0;99.5
63.0;136.0;99.5
63.0;137.0;100.0
63.0;137.0;100.0
63.0;137.0;100.0
63.0;139.0;101.0
63.0;136.0;99.5
63.0;138.0;100.5
63.0;142.0;102.5
63.0;138.0;100.5
63.0;137.0;100.0
63.0;137.0;100.0
63.0;138.0;100.5
63.0;144.0;103.5
63.0;135.0;99.0
63.0;136.0;99.5
63.0;136.0;99.5
63.0;138.0;100.5
63.0;136.0;99.5
63.0;136.0;99.5
63.0;141.0;102.0
63.0;139.0;101.0
63.0;143.0;103.0
63.0;137.0;100.0
63.0;141.0;102.0
63.0;140.0;101.5
60.0;138.0;99.0
60.0;143.0;101.5
60.0;140.0;100.0
60.0;140.0;100.0
60.0;141.0;100.5
60.0;141.0;100.5
60.0;137.0;98.5
60.0;134.0;97.0
60.0;140.0;100.0
60.0;142.0;101.0
60.0;135.0;97.5
60.0;142.0;101.0
60.0;142.0;101.0
60.0;143.0;101.5
60.0;134.0;97.0
60.0;140.0;100.0
60.0;141.0;100.5
60.0;142.0;101.0
60.0;136.0;98.0
60.0;141.0;100.5
60.0;137.0;98.5
60.0;141.0;100.5
60.0;140.0;100.0
60.0;142.0;101.0
60.0;141.0;100.5
60.0;137.0;98.5
60.0;136.0;98.0
60.0;137.0;98.5
60.0;142.0;101.0
60.0;141.0;100.5
60.0;139.0;99.5
60.0;142.0;101.0
60.0;132.0;96.0
60.0;137.0;98.5
60.0;132.0;96.0
60.0;133.0;96.5
60.0;137.0;98.5
60.0;137.0;98.5
60.0;137.0;98.5
60.0;136.0;98.0
60.0;136.0;98.0
60.0;136.0;98.0
60.0;135.0;97.5
60.0;142.0;101.0
60.0;142.0;101.0
60.0;143.0;101.5
60.0;137.0;98.5
60.0;142.0;101.0
60.0;140.0;100.0
60.0;138.0;99.0
60.0;141.0;100.5
60.0;137.0;98.5
60.0;142.0;101.0
60.0;137.0;98.5
60.0;140.0;100.0
60.0;138.0;99.0
60.0;136.0;98.0
60.0;133.0;96.5
58.0;141.0;99.5
58.0;142.0;100.0
58.0;140.0;99.0
58.0;139.0;98.5
58.0;139.0;98.5
58.0;142.0;100.0
58.0;136.0;97.0
58.0;142.0;100.0
58.0;136.0;97.0
58.0;138.0;98.0
58.0;143.0;100.5
58.0;136.0;97.0
58.0;139.0;98.5
58.0;137.0;97.5
58.0;135.0;96.5
58.0;136.0;97.0
58.0;142.0;100.0
58.0;139.0;98.5
58.0;136.0;97.0
58.0;136.0;97.0
58.0;135.0;96.5
58.0;134.0;96.0
58.0;135.0;96.5
58.0;135.0;96.5
58.0;142.0;100.0
58.0;137.0;97.5
58.0;138.0;98.0
58.0;139.0;98.5
58.0;141.0;99.5
58.0;136.0;97.0
58.0;140.0;99.0
58.0;141.0;99.5
58.0;142.0;100.0
58.0;138.0;98.0
58.0;139.0;98.5
58.0;141.0;99.5
58.0;140.0;99.0
58.0;137.0;97.5
58.0;143.0;100.5
58.0;142.0;100.0
58.0;135.0;96.5
58.0;137.0;97.5
58.0;137.0;97.5
58.0;137.0;97.5
58.0;137.0;97.5
58.0;132.0;95.0
58.0;141.0;99.5
58.0;137.0;97.5
58.0;137.0;97.5
58.0;141.0;99.5
58.0;137.0;97.5
58.0;136.0;97.0
58.0;139.0;98.5
58.0;137.0;97.5
58.0;140.0;99.0
58.0;137.0;97.5
58.0;140.0;99.0
58.0;136.0;97.0
58.0;137.0;97.5
58.0;137.0;97.5
58.0;135.0;96.5
58.0;135.0;96.5
58.0;141.0;99.5
58.0;136.0;97.0
58.0;144.0;101.0
58.0;139.0;98.5
58.0;142.0;100.0
58.0;137.0;97.5
58.0;136.0;97.0
58.0;143.0;100.5
58.0;140.0;99.0
58.0;140.0;99.0
58.0;134.0;96.0
58.0;138.0;98.0
58.0;137.0;97.5
58.0;135.0;96.5
58.0;137.0;97.5
58.0;137.0;97.5
58.0;141.0;99.5
58.0;138.0;98.0
58.0;136.0;97.0
58.0;140.0;99.0
55.0;140.0;97.5
55.0;142.0;98.5
55.0;137.0;96.0
55.0;136.0;95.5
55.0;137.0;96.0
55.0;135.0;95.0
55.0;137.0;96.0
55.0;140.0;97.5
55.0;140.0;97.5
55.0;144.0;99.5
55.0;142.0;98.5
55.0;142.0;98.5
55.0;141.0;98.0
55.0;137.0;96.0
55.0;141.0;98.0
55.0;142.0;98.5
55.0;142.0;98.5
55.0;137.0;96.0
55.0;135.0;95.0
55.0;137.0;96.0
55.0;142.0;98.5
55.0;138.0;96.5
55.0;136.0;95.5
55.0;141.0;98.0
55.0;140.0;97.5
55.0;139.0;97.0
55.0;138.0;96.5
55.0;143.0;99.0
55.0;138.0;96.5
55.0;142.0;98.5
55.0;138.0;96.5
55.0;136.0;95.5
55.0;135.0;95.0
55.0;142.0;98.5
55.0;137.0;96.0
55.0;142.0;98.5
55.0;136.0;95.5
55.0;137.0;96.0
55.0;137.0;96.0
55.0;139.0;97.0
55.0;137.0;96.0
55.0;141.0;98.0
55.0;141.0;98.0
55.0;138.0;96.5
55.0;140.0;97.5
55.0;140.0;97.5
55.0;137.0;96.0
55.0;140.0;97.5
55.0;139.0;97.0
55.0;140.0;97.5
55.0;143.0;99.0
55.0;140.0;97.5
55.0;135.0;95.0
53.0;137.0;95.0
53.0;137.0;95.0
53.0;140.0;96.5
53.0;136.0;94.5
53.0;139.0;96.0
53.0;133.0;93.0
53.0;132.0;92.5
53.0;141.0;97.0
53.0;137.0;95.0
53.0;136.0;94.5
53.0;143.0;98.0
53.0;136.0;94.5
53.0;135.0;94.0
53.0;142.0;97.5
53.0;140.0;96.5
53.0;134.0;93.5
53.0;137.0;95.0
53.0;137.0;95.0
53.0;139.0;96.0
53.0;133.0;93.0
53.0;133.0;93.0
53.0;137.0;95.0
53.0;141.0;97.0
53.0;136.0;94.5
53.0;142.0;97.5
53.0;137.0;95.0
53.0;142.0;97.5
53.0;137.0;95.0
53.0;144.0;98.5
53.0;140.0;96.5
53.0;138.0;95.5
53.0;137.0;95.0
53.0;140.0;96.5
53.0;138.0;95.5
53.0;135.0;94.0
53.0;137.0;95.0
53.0;138.0;95.5
53.0;138.0;95.5
53.0;133.0;93.0
53.0;138.0;95.5
53.0;138.0;95.5
53.0;137.0;95.0
53.0;138.0;95.5
53.0;138.0;95.5
53.0;142.0;97.5
53.0;138.0;95.5
53.0;133.0;93.0
53.0;141.0;97.0
53.0;137.0;95.0
53.0;137.0;95.0
53.0;136.0;94.5
53.0;136.0;94.5
53.0;136.0;94.5
53.0;138.0;95.5
53.0;142.0;97.5
53.0;132.0;92.5
53.0;139.0;96.0
53.0;139.0;96.0
53.0;136.0;94.5
53.0;137.0;95.0
53.0;138.0;95.5
53.0;142.0;97.5
53.0;136.0;94.5
53.0;137.0;95.0
53.0;136.0;94.5
53.0;136.0;94.5
53.0;138.0;95.5
53.0;134.0;93.5
53.0;138.0;95.5
53.0;140.0;96.5
53.0;142.0;97.5
53.0;143.0;98.0
53.0;136.0;94.5
53.0;134.0;93.5
53.0;139.0;96.0
53.0;136.0;94.5
53.0;135.0;94.0
53.0;141.0;97.0
53.0;140.0;96.5
53.0;137.0;95.0
52.0;136.0;94.0
52.0;140.0;96.0
52.0;138.0;95.0
52.0;136.0;94.0
52.0;135.0;93.5
52.0;139.0;95.5
52.0;141.0;96.5
52.0;141.0;96.5
52.0;138.0;95.0
52.0;142.0;97.0
52.0;140.0;96.0
52.0;141.0;96.5
52.0;142.0;97.0
52.0;141.0;96.5
52.0;134.0;93.0
52.0;142.0;97.0
52.0;137.0;94.5
52.0;137.0;94.5
52.0;142.0;97.0
52.0;132.0;92.0
52.0;134.0;93.0
52.0;141.0;96.5
52.0;141.0;96.5
52.0;139.0;95.5
52.0;139.0;95.5
52.0;139.0;95.5
52.0;138.0;95.0
52.0;141.0;96.5
52.0;141.0;96.5
52.0;141.0;96.5
52.0;138.0;95.0
52.0;137.0;94.5
52.0;141.0;96.5
52.0;136.0;94.0
52.0;136.0;94.0
52.0;140.0;96.0
52.0;136.0;94.0
52.0;141.0;96.5
52.0;137.0;94.5
52.0;137.0;94.5
52.0;139.0;95.5
52.0;137.0;94.5
52.0;138.0;95.0
52.0;138.0;95.0
52.0;137.0;94.5
52.0;137.0;94.5
52.0;138.0;95.0
52.0;140.0;96.0
52.0;138.0;95.0
52.0;138.0;95.0
52.0;143.0;97.5
52.0;136.0;94.0
52.0;137.0;94.5
52.0;141.0;96.5
52.0;142.0;97.0
52.0;142.0;97.0
52.0;143.0;97.5
52.0;142.0;97.0
52.0;135.0;93.5
52.0;137.0;94.5
52.0;142.0;97.0
52.0;142.0;97.0
52.0;142.0;97.0
52.0;143.0;97.5
52.0;138.0;95.0
52.0;138.0;95.0
52.0;141.0;96.5
52.0;136.0;94.0
52.0;137.0;94.5
52.0;139.0;95.5
