99.0;136.0;117.5
91.2;140.4;115.8
89.8;140.6;115.2
87.4;141.2;114.3
86.2;138.8;112.5
86.2;141.6;113.9
82.2;139.8;111.0
81.2;141.2;111.2
80.8;141.2;111.0
80.8;141.6;111.2
77.6;139.8;108.7
77.6;142.0;109.8
77.4;140.8;109.1
77.4;140.4;108.9
77.4;141.2;109.3
77.4;139.8;108.6
77.4;140.4;108.9
76.8;140.0;108.4
76.8;141.8;109.3
76.8;139.8;108.3
75.8;141.0;108.4
74.4;142.0;108.2
73.4;141.0;107.2
71.0;140.4;105.7
71.0;141.0;106.0
69.0;140.8;104.9
69.0;140.2;104.6
69.0;140.8;104.9
69.0;141.0;105.0
69.0;140.6;104.8
69.0;139.0;104.0
69.0;139.2;104.1
69.0;139.4;104.2
69.0;141.4;105.2
69.0;139.0;104.0
68.6;139.6;104.1
68.6;139.2;103.9
68.4;140.6;104.5
68.4;142.4;105.4
67.8;139.6;103.7
67.8;140.2;104.0
67.8;140.2;104.0
67.8;141.8;104.8
67.8;140.4;104.1
67.8;140.4;104.1
67.8;139.4;103.6
67.0;138.6;102.8
66.6;139.0;102.8
66.6;141.4;104.0
66.6;140.4;103.5
66.6;141.4;104.0
66.6;139.6;103.1
66.6;138.2;102.4
66.4;140.2;103.3
66.4;140.2;103.3
66.4;137.8;102.1
66.4;139.6;103.0
66.4;139.4;102.9
65.4;140.0;102.7
65.4;141.0;103.2
65.4;138.4;101.9
65.4;138.2;101.8
65.4;139.2;102.3
65.2;140.0;102.6
65.2;141.4;103.3
65.2;142.0;103.6
65.2;141.0;103.1
65.2;139.2;102.2
65.2;138.8;102.0
65.2;140.0;102.6
64.8;141.0;102.9
64.8;141.2;103.0
64.8;138.8;101.8
64.8;140.2;102.5
64.8;141.0;102.9
64.8;140.0;102.4
64.8;140.6;102.7
64.8;141.0;102.9
64.8;140.8;102.8
64.8;138.8;101.8
64.8;140.6;102.7
64.8;139.0;101.9
64.8;140.0;102.4
64.4;139.6;102.0
64.4;140.0;102.2
64.0;141.2;102.6
64.0;142.2;103.1
64.0;141.6;102.8
64.0;140.2;102.1
64.0;140.0;102.0
63.4;138.2;100.8
62.2;142.4;102.3
62.2;140.0;101.1
62.2;141.2;101.7
62.2;140.6;101.4
62.2;140.8;101.5
62.0;140.4;101.2
59.4;139.4;99.4
59.4;138.2;98.8
59.4;140.4;99.9
59.4;140.8;100.1
59.4;140.6;100.0
59.4;142.0;100.7
59.4;141.0;100.2
59.4;139.4;99.4
59.4;139.0;99.2
59.4;140.0;99.7
59.4;140.4;99.9
59.4;139.6;99.5
59.4;139.4;99.4
59.4;141.0;100.2
59.4;138.6;99.0
59.4;139.8;99.6
59.4;138.2;98.8
59.4;137.6;98.5
59.4;138.6;99.0
59.4;138.4;98.9
59.4;140.2;99.8
59.4;140.0;99.7
59.4;138.0;98.7
59.4;140.4;99.9
59.4;140.0;99.7
58.8;140.0;99.4
58.8;140.2;99.5
58.8;139.0;98.9
58.8;140.2;99.5
58.8;137.4;98.1
58.8;140.8;99.8
58.8;140.6;99.7
58.8;139.4;99.1
58.8;140.0;99.4
57.8;139.0;98.4
57.8;140.2;99.0
57.8;140.6;99.2
57.8;141.6;99.7
57.8;138.6;98.2
57.8;141.8;99.8
57.8;138.6;98.2
57.8;141.6;99.7
57.8;139.4;98.6
57.6;140.6;99.1
57.6;138.8;98.2
57.6;138.0;97.8
57.6;139.8;98.7
57.6;140.0;98.8
57.6;139.2;98.4
57.6;140.4;99.0
57.0;139.6;98.3
57.0;136.8;96.9
57.0;139.8;98.4
57.0;139.0;98.0
57.0;138.8;97.9
57.0;140.4;98.7
57.0;140.0;98.5
57.0;139.0;98.0
57.0;138.0;97.5
57.0;141.2;99.1
57.0;139.6;98.3
57.0;137.4;97.2
57.0;139.4;98.2
57.0;139.0;98.0
57.0;138.8;97.9
56.4;138.8;97.6
56.4;141.6;99.0
56.4;140.8;98.6
56.4;140.2;98.3
56.4;138.8;97.6
56.4;140.8;98.6
56.4;139.4;97.9
56.4;140.8;98.6
56.4;140.6;98.5
56.4;141.6;99.0
56.4;140.4;98.4
56.4;140.4;98.4
56.4;137.8;97.1
56.4;140.2;98.3
56.4;137.6;97.0
56.4;141.8;99.1
56.4;138.4;97.4
56.4;140.0;98.2
56.4;141.6;99.0
56.4;139.6;98.0
56.4;138.8;97.6
56.4;140.6;98.5
56.4;140.0;98.2
55.8;138.4;97.1
55.6;140.8;98.2
55.6;139.6;97.6
55.6;139.4;97.5
55.6;138.8;97.2
55.6;139.8;97.7
55.6;139.6;97.6
55.6;140.2;97.9
55.6;140.0;97.8
55.2;140.8;98.0
54.6;141.8;98.2
54.6;140.0;97.3
54.6;140.0;97.3
54.6;140.6;97.6
54.6;137.6;96.1
54.6;138.4;96.5
54.6;138.8;96.7
54.4;139.0;96.7
54.4;138.8;96.6
53.4;140.2;96.8
53.4;142.0;97.7
53.4;141.4;97.4
53.4;139.0;96.2
53.4;138.8;96.1
53.4;139.8;96.6
53.4;140.4;96.9
53.4;138.8;96.1
53.4;140.6;97.0
53.4;140.8;97.1
53.4;139.8;96.6
53.4;138.6;96.0
53.4;141.4;97.4
53.4;138.4;95.9
53.4;138.6;96.0
53.4;139.6;96.5
52.0;140.4;96.2
51.0;137.2;94.1
51.0;138.8;94.9
51.0;142.0;96.5
51.0;138.4;94.7
51.0;139.2;95.1
51.0;140.6;95.8
51.0;139.2;95.1
51.0;140.8;95.9
51.0;140.2;95.6
51.0;141.6;96.3
51.0;138.8;94.9
51.0;139.8;95.4
50.4;141.6;96.0
50.4;139.8;95.1
50.4;139.4;94.9
50.4;139.4;94.9
50.4;138.8;94.6
50.4;139.2;94.8
50.4;138.2;94.3
50.4;139.6;95.0
50.4;138.4;94.4
50.4;139.4;94.9
50.4;140.0;95.2
50.4;140.6;95.5
50.4;140.4;95.4
50.4;138.6;94.5
50.4;140.2;95.3
50.4;139.8;95.1
50.4;139.4;94.9
50.4;139.2;94.8
50.4;139.6;95.0
50.4;141.4;95.9
50.4;141.2;95.8
50.4;139.6;95.0
50.4;140.4;95.4
50.4;138.8;94.6
50.4;139.8;95.1
50.4;142.0;96.2
50.4;137.8;94.1
50.4;142.0;96.2
50.4;140.8;95.6
50.4;138.6;94.5
50.4;139.8;95.1
50.4;141.0;95.7
50.4;140.0;95.2
50.4;140.4;95.4
50.4;139.4;94.9
50.4;139.0;94.7
50.4;140.4;95.4
50.4;140.6;95.5
49.8;138.2;94.0
49.8;139.6;94.7
49.8;140.0;94.9
49.8;139.2;94.5
49.8;139.6;94.7
49.8;139.2;94.5
49.8;138.4;94.1
49.8;140.6;95.2
49.8;138.8;94.3
49.8;140.6;95.2
49.8;141.4;95.6
49.8;140.2;95.0
49.8;139.6;94.7
49.8;140.0;94.9
49.8;138.8;94.3
49.8;140.6;95.2
49.8;139.2;94.5
49.8;138.8;94.3
49.8;140.2;95.0
49.8;138.2;94.0
49.8;140.2;95.0
49.8;139.6;94.7
49.8;140.0;94.9
49.8;139.4;94.6
49.8;139.6;94.7
49.8;140.2;95.0
49.8;139.4;94.6
49.8;137.8;93.8
49.8;140.8;95.3
49.8;140.2;95.0
49.8;140.6;95.2
49.8;139.4;94.6
49.8;139.8;94.8
48.0;141.6;94.8
48.0;139.4;93.7
48.0;139.8;93.9
48.0;141.2;94.6
48.0;139.6;93.8
48.0;138.0;93.0
48.0;139.2;93.6
48.0;140.0;94.0
48.0;138.2;93.1
48.0;138.2;93.1
48.0;138.8;93.4
48.0;139.8;93.9
48.0;137.2;92.6
48.0;138.0;93.0
48.0;138.2;93.1
48.0;139.6;93.8
48.0;139.6;93.8
48.0;140.6;94.3
48.0;141.0;94.5
48.0;140.2;94.1
48.0;140.6;94.3
48.0;139.8;93.9
48.0;139.6;93.8
48.0;141.0;94.5
48.0;139.2;93.6
48.0;138.4;93.2
48.0;138.8;93.4
48.0;139.8;93.9
48.0;139.4;93.7
48.0;140.0;94.0
48.0;140.6;94.3
48.0;139.2;93.6
48.0;140.4;94.2
48.0;140.0;94.0
48.0;140.4;94.2
48.0;140.4;94.2
48.0;138.8;93.4
48.0;140.4;94.2
48.0;140.8;94.4
48.0;139.0;93.5
48.0;141.4;94.7
47.0;139.4;93.2
47.0;139.8;93.4
47.0;139.2;93.1
47.0;138.6;92.8
47.0;140.0;93.5
47.0;140.6;93.8
47.0;141.2;94.1
47.0;139.6;93.3
47.0;139.0;93.0
47.0;139.8;93.4
47.0;138.4;92.7
47.0;140.8;93.9
47.0;139.2;93.1
47.0;138.4;92.7
47.0;140.6;93.8
47.0;141.2;94.1
47.0;140.2;93.6
47.0;139.2;93.1
47.0;139.0;93.0
47.0;140.4;93.7
47.0;140.2;93.6
47.0;141.4;94.2
47.0;139.0;93.0
47.0;139.6;93.3
47.0;140.2;93.6
47.0;139.4;93.2
47.0;139.4;93.2
47.0;138.2;92.6
47.0;140.6;93.8
47.0;139.6;93.3
47.0;138.0;92.5
47.0;139.6;93.3
47.0;139.6;93.3
47.0;140.0;93.5
47.0;141.0;94.0
47.0;138.6;92.8
47.0;139.4;93.2
46.8;139.8;93.3
46.8;139.2;93.0
46.8;141.2;94.0
46.8;138.6;92.7
46.8;141.2;94.0
46.8;139.0;92.9
46.8;141.2;94.0
46.8;140.6;93.7
46.8;140.8;93.8
46.8;139.0;92.9
46.8;140.8;93.8
46.8;139.2;93.0
46.8;139.8;93.3
46.8;139.8;93.3
46.8;138.0;92.4
46.8;140.4;93.6
46.8;140.2;93.5
46.8;140.6;93.7
46.8;141.6;94.2
46.8;139.6;93.2
46.8;139.8;93.3
46.8;139.4;93.1
46.8;141.6;94.2
46.8;140.6;93.7
46.8;140.2;93.5
46.8;138.6;92.7
46.8;139.0;92.9
46.8;141.6;94.2
46.8;140.0;93.4
46.8;139.0;92.9
46.8;141.0;93.9
46.8;138.6;92.7
46.8;141.0;93.9
46.8;140.2;93.5
46.8;139.4;93.1
46.8;137.8;92.3
46.8;140.0;93.4
46.8;139.0;92.9
46.8;140.0;93.4
46.8;140.0;93.4
46.8;138.8;92.8
46.8;139.6;93.2
46.8;141.0;93.9
46.8;140.4;93.6
46.8;138.8;92.8
46.8;140.8;93.8
46.8;141.4;94.1
46.8;138.4;92.6
46.8;140.0;93.4
46.8;139.2;93.0
46.8;139.8;93.3
46.8;137.4;92.1
46.8;140.2;93.5
46.8;139.8;93.3
46.8;140.2;93.5
46.8;139.2;93.0
46.8;142.0;94.4
46.8;139.8;93.3
46.8;139.6;93.2
46.8;140.0;93.4
46.8;139.0;92.9
46.8;140.4;93.6
46.8;140.6;93.7
46.8;139.6;93.2
46.8;137.8;92.3
46.8;139.8;93.3
46.8;140.0;93.4
46.8;140.0;93.4
46.8;140.8;93.8
46.8;141.6;94.2
46.8;139.2;93.0
46.8;139.4;93.1
46.8;139.2;93.0
46.8;138.4;92.6
46.8;140.2;93.5
46.8;139.6;93.2
46.8;139.6;93.2
46.8;140.0;93.4
46.8;140.4;93.6
46.8;140.6;93.7
46.8;140.0;93.4
46.8;141.4;94.1
46.8;136.4;91.6
46.8;138.4;92.6
46.8;138.8;92.8
46.8;141.8;94.3
46.8;139.8;93.3
46.8;140.8;93.8
46.8;138.2;92.5
46.8;141.2;94.0
46.8;139.6;93.2
46.8;140.2;93.5
46.8;139.6;93.2
46.8;138.4;92.6
46.8;140.0;93.4
46.8;140.0;93.4
46.8;139.6;93.2
46.8;140.4;93.6
46.8;139.2;93.0
46.8;139.8;93.3
46.8;139.0;92.9
46.8;141.0;93.9
46.8;141.6;94.2
46.8;140.2;93.5
46.8;140.8;93.8
46.8;139.0;92.9
46.8;140.2;93.5
46.8;140.2;93.5
46.8;138.2;92.5
46.8;137.2;92.0
46.8;141.0;93.9
46.8;140.0;93.4
46.8;139.8;93.3
46.8;139.6;93.2
46.8;138.0;92.4
46.8;139.0;92.9
46.8;138.6;92.7
46.8;140.0;93.4
